1,101,200,1,101,3
1,101,200,1,101,1
1,101,200,2,101,3
1,101,200,2,101,1
1,101,200,3,101,3
1,101,200,3,101,1
1,101,200,4,101,3
1,101,200,4,101,1
1,101,200,5,101,3
1,101,200,5,101,1
1,101,200,6,101,3
1,101,200,6,101,1
1,101,200,7,101,3
1,101,200,7,101,1
1,101,200,8,101,3
1,101,200,8,101,1
2,101,200,1,101,3
2,101,200,1,101,1
2,101,200,2,101,3
2,101,200,2,101,1
2,101,200,3,101,3
2,101,200,3,101,1
2,101,200,4,101,3
2,101,200,4,101,1
2,101,200,5,101,3
2,101,200,5,101,1
2,101,200,6,101,3
2,101,200,6,101,1
2,101,200,7,101,3
2,101,200,7,101,1
2,101,200,8,101,3
2,101,200,8,101,1
3,101,100,1,101,3
3,101,100,1,101,1
3,101,100,2,101,3
3,101,100,2,101,1
3,101,100,3,101,3
3,101,100,3,101,1
3,101,100,4,101,3
3,101,100,4,101,1
3,101,100,5,101,3
3,101,100,5,101,1
3,101,100,6,101,3
3,101,100,6,101,1
3,101,100,7,101,3
3,101,100,7,101,1
3,101,100,8,101,3
3,101,100,8,101,1
4,101,100,1,101,3
4,101,100,1,101,1
4,101,100,2,101,3
4,101,100,2,101,1
4,101,100,3,101,3
4,101,100,3,101,1
4,101,100,4,101,3
4,101,100,4,101,1
4,101,100,5,101,3
4,101,100,5,101,1
4,101,100,6,101,3
4,101,100,6,101,1
4,101,100,7,101,3
4,101,100,7,101,1
4,101,100,8,101,3
4,101,100,8,101,1
5,101,100,1,101,3
5,101,100,1,101,1
5,101,100,2,101,3
5,101,100,2,101,1
5,101,100,3,101,3
5,101,100,3,101,1
5,101,100,4,101,3
5,101,100,4,101,1
5,101,100,5,101,3
5,101,100,5,101,1
5,101,100,6,101,3
5,101,100,6,101,1
5,101,100,7,101,3
5,101,100,7,101,1
5,101,100,8,101,3
5,101,100,8,101,1
6,101,300,1,101,3
6,101,300,1,101,1
6,101,300,2,101,3
6,101,300,2,101,1
6,101,300,3,101,3
6,101,300,3,101,1
6,101,300,4,101,3
6,101,300,4,101,1
6,101,300,5,101,3
6,101,300,5,101,1
6,101,300,6,101,3
6,101,300,6,101,1
6,101,300,7,101,3
6,101,300,7,101,1
6,101,300,8,101,3
6,101,300,8,101,1
7,101,200,1,101,3
7,101,200,1,101,1
7,101,200,2,101,3
7,101,200,2,101,1
7,101,200,3,101,3
7,101,200,3,101,1
7,101,200,4,101,3
7,101,200,4,101,1
7,101,200,5,101,3
7,101,200,5,101,1
7,101,200,6,101,3
7,101,200,6,101,1
7,101,200,7,101,3
7,101,200,7,101,1
7,101,200,8,101,3
7,101,200,8,101,1
8,101,200,1,101,3
8,101,200,1,101,1
8,101,200,2,101,3
8,101,200,2,101,1
8,101,200,3,101,3
8,101,200,3,101,1
8,101,200,4,101,3
8,101,200,4,101,1
8,101,200,5,101,3
8,101,200,5,101,1
8,101,200,6,101,3
8,101,200,6,101,1
8,101,200,7,101,3
8,101,200,7,101,1
8,101,200,8,101,3
8,101,200,8,101,1
1,101,200,1,102,3
1,101,200,1,102,1
1,101,200,2,102,3
1,101,200,2,102,1
1,101,200,3,102,3
1,101,200,3,102,1
1,101,200,4,102,3
1,101,200,4,102,1
1,101,200,5,102,3
1,101,200,5,102,1
1,101,200,6,102,3
1,101,200,6,102,1
1,101,200,7,102,3
1,101,200,7,102,1
1,101,200,8,102,3
1,101,200,8,102,1
2,101,200,1,102,3
2,101,200,1,102,1
2,101,200,2,102,3
2,101,200,2,102,1
2,101,200,3,102,3
2,101,200,3,102,1
2,101,200,4,102,3
2,101,200,4,102,1
2,101,200,5,102,3
2,101,200,5,102,1
2,101,200,6,102,3
2,101,200,6,102,1
2,101,200,7,102,3
2,101,200,7,102,1
2,101,200,8,102,3
2,101,200,8,102,1
3,101,100,1,102,3
3,101,100,1,102,1
3,101,100,2,102,3
3,101,100,2,102,1
3,101,100,3,102,3
3,101,100,3,102,1
3,101,100,4,102,3
3,101,100,4,102,1
3,101,100,5,102,3
3,101,100,5,102,1
3,101,100,6,102,3
3,101,100,6,102,1
3,101,100,7,102,3
3,101,100,7,102,1
3,101,100,8,102,3
3,101,100,8,102,1
4,101,100,1,102,3
4,101,100,1,102,1
4,101,100,2,102,3
4,101,100,2,102,1
4,101,100,3,102,3
4,101,100,3,102,1
4,101,100,4,102,3
4,101,100,4,102,1
4,101,100,5,102,3
4,101,100,5,102,1
4,101,100,6,102,3
4,101,100,6,102,1
4,101,100,7,102,3
4,101,100,7,102,1
4,101,100,8,102,3
4,101,100,8,102,1
5,101,100,1,102,3
5,101,100,1,102,1
5,101,100,2,102,3
5,101,100,2,102,1
5,101,100,3,102,3
5,101,100,3,102,1
5,101,100,4,102,3
5,101,100,4,102,1
5,101,100,5,102,3
5,101,100,5,102,1
5,101,100,6,102,3
5,101,100,6,102,1
5,101,100,7,102,3
5,101,100,7,102,1
5,101,100,8,102,3
5,101,100,8,102,1
6,101,300,1,102,3
6,101,300,1,102,1
6,101,300,2,102,3
6,101,300,2,102,1
6,101,300,3,102,3
6,101,300,3,102,1
6,101,300,4,102,3
6,101,300,4,102,1
6,101,300,5,102,3
6,101,300,5,102,1
6,101,300,6,102,3
6,101,300,6,102,1
6,101,300,7,102,3
6,101,300,7,102,1
6,101,300,8,102,3
6,101,300,8,102,1
7,101,200,1,102,3
7,101,200,1,102,1
7,101,200,2,102,3
7,101,200,2,102,1
7,101,200,3,102,3
7,101,200,3,102,1
7,101,200,4,102,3
7,101,200,4,102,1
7,101,200,5,102,3
7,101,200,5,102,1
7,101,200,6,102,3
7,101,200,6,102,1
7,101,200,7,102,3
7,101,200,7,102,1
7,101,200,8,102,3
7,101,200,8,102,1
8,101,200,1,102,3
8,101,200,1,102,1
8,101,200,2,102,3
8,101,200,2,102,1
8,101,200,3,102,3
8,101,200,3,102,1
8,101,200,4,102,3
8,101,200,4,102,1
8,101,200,5,102,3
8,101,200,5,102,1
8,101,200,6,102,3
8,101,200,6,102,1
8,101,200,7,102,3
8,101,200,7,102,1
8,101,200,8,102,3
8,101,200,8,102,1
1,101,200,1,103,3
1,101,200,1,103,1
1,101,200,2,103,3
1,101,200,2,103,1
1,101,200,3,103,3
1,101,200,3,103,1
1,101,200,4,103,3
1,101,200,4,103,1
1,101,200,5,103,3
1,101,200,5,103,1
1,101,200,6,103,3
1,101,200,6,103,1
1,101,200,7,103,3
1,101,200,7,103,1
1,101,200,8,103,3
1,101,200,8,103,1
2,101,200,1,103,3
2,101,200,1,103,1
2,101,200,2,103,3
2,101,200,2,103,1
2,101,200,3,103,3
2,101,200,3,103,1
2,101,200,4,103,3
2,101,200,4,103,1
2,101,200,5,103,3
2,101,200,5,103,1
2,101,200,6,103,3
2,101,200,6,103,1
2,101,200,7,103,3
2,101,200,7,103,1
2,101,200,8,103,3
2,101,200,8,103,1
3,101,100,1,103,3
3,101,100,1,103,1
3,101,100,2,103,3
3,101,100,2,103,1
3,101,100,3,103,3
3,101,100,3,103,1
3,101,100,4,103,3
3,101,100,4,103,1
3,101,100,5,103,3
3,101,100,5,103,1
3,101,100,6,103,3
3,101,100,6,103,1
3,101,100,7,103,3
3,101,100,7,103,1
3,101,100,8,103,3
3,101,100,8,103,1
4,101,100,1,103,3
4,101,100,1,103,1
4,101,100,2,103,3
4,101,100,2,103,1
4,101,100,3,103,3
4,101,100,3,103,1
4,101,100,4,103,3
4,101,100,4,103,1
4,101,100,5,103,3
4,101,100,5,103,1
4,101,100,6,103,3
4,101,100,6,103,1
4,101,100,7,103,3
4,101,100,7,103,1
4,101,100,8,103,3
4,101,100,8,103,1
5,101,100,1,103,3
5,101,100,1,103,1
5,101,100,2,103,3
5,101,100,2,103,1
5,101,100,3,103,3
5,101,100,3,103,1
5,101,100,4,103,3
5,101,100,4,103,1
5,101,100,5,103,3
5,101,100,5,103,1
5,101,100,6,103,3
5,101,100,6,103,1
5,101,100,7,103,3
5,101,100,7,103,1
5,101,100,8,103,3
5,101,100,8,103,1
6,101,300,1,103,3
6,101,300,1,103,1
6,101,300,2,103,3
6,101,300,2,103,1
6,101,300,3,103,3
6,101,300,3,103,1
6,101,300,4,103,3
6,101,300,4,103,1
6,101,300,5,103,3
6,101,300,5,103,1
6,101,300,6,103,3
6,101,300,6,103,1
6,101,300,7,103,3
6,101,300,7,103,1
6,101,300,8,103,3
6,101,300,8,103,1
7,101,200,1,103,3
7,101,200,1,103,1
7,101,200,2,103,3
7,101,200,2,103,1
7,101,200,3,103,3
7,101,200,3,103,1
7,101,200,4,103,3
7,101,200,4,103,1
7,101,200,5,103,3
7,101,200,5,103,1
7,101,200,6,103,3
7,101,200,6,103,1
7,101,200,7,103,3
7,101,200,7,103,1
7,101,200,8,103,3
7,101,200,8,103,1
8,101,200,1,103,3
8,101,200,1,103,1
8,101,200,2,103,3
8,101,200,2,103,1
8,101,200,3,103,3
8,101,200,3,103,1
8,101,200,4,103,3
8,101,200,4,103,1
8,101,200,5,103,3
8,101,200,5,103,1
8,101,200,6,103,3
8,101,200,6,103,1
8,101,200,7,103,3
8,101,200,7,103,1
8,101,200,8,103,3
8,101,200,8,103,1
1,101,200,1,101,3
1,101,200,1,101,1
1,101,200,2,101,3
1,101,200,2,101,1
1,101,200,3,101,3
1,101,200,3,101,1
1,101,200,4,101,3
1,101,200,4,101,1
1,101,200,5,101,3
1,101,200,5,101,1
1,101,200,6,101,3
1,101,200,6,101,1
1,101,200,7,101,3
1,101,200,7,101,1
1,101,200,8,101,3
1,101,200,8,101,1
2,101,200,1,101,3
2,101,200,1,101,1
2,101,200,2,101,3
2,101,200,2,101,1
2,101,200,3,101,3
2,101,200,3,101,1
2,101,200,4,101,3
2,101,200,4,101,1
2,101,200,5,101,3
2,101,200,5,101,1
2,101,200,6,101,3
2,101,200,6,101,1
2,101,200,7,101,3
2,101,200,7,101,1
2,101,200,8,101,3
2,101,200,8,101,1
3,101,100,1,101,3
3,101,100,1,101,1
3,101,100,2,101,3
3,101,100,2,101,1
3,101,100,3,101,3
3,101,100,3,101,1
3,101,100,4,101,3
3,101,100,4,101,1
3,101,100,5,101,3
3,101,100,5,101,1
3,101,100,6,101,3
3,101,100,6,101,1
3,101,100,7,101,3
3,101,100,7,101,1
3,101,100,8,101,3
3,101,100,8,101,1
4,101,100,1,101,3
4,101,100,1,101,1
4,101,100,2,101,3
4,101,100,2,101,1
4,101,100,3,101,3
4,101,100,3,101,1
4,101,100,4,101,3
4,101,100,4,101,1
4,101,100,5,101,3
4,101,100,5,101,1
4,101,100,6,101,3
4,101,100,6,101,1
4,101,100,7,101,3
4,101,100,7,101,1
4,101,100,8,101,3
4,101,100,8,101,1
5,101,100,1,101,3
5,101,100,1,101,1
5,101,100,2,101,3
5,101,100,2,101,1
5,101,100,3,101,3
5,101,100,3,101,1
5,101,100,4,101,3
5,101,100,4,101,1
5,101,100,5,101,3
5,101,100,5,101,1
5,101,100,6,101,3
5,101,100,6,101,1
5,101,100,7,101,3
5,101,100,7,101,1
5,101,100,8,101,3
5,101,100,8,101,1
6,101,300,1,101,3
6,101,300,1,101,1
6,101,300,2,101,3
6,101,300,2,101,1
6,101,300,3,101,3
6,101,300,3,101,1
6,101,300,4,101,3
6,101,300,4,101,1
6,101,300,5,101,3
6,101,300,5,101,1
6,101,300,6,101,3
6,101,300,6,101,1
6,101,300,7,101,3
6,101,300,7,101,1
6,101,300,8,101,3
6,101,300,8,101,1
7,101,200,1,101,3
7,101,200,1,101,1
7,101,200,2,101,3
7,101,200,2,101,1
7,101,200,3,101,3
7,101,200,3,101,1
7,101,200,4,101,3
7,101,200,4,101,1
7,101,200,5,101,3
7,101,200,5,101,1
7,101,200,6,101,3
7,101,200,6,101,1
7,101,200,7,101,3
7,101,200,7,101,1
7,101,200,8,101,3
7,101,200,8,101,1
8,101,200,1,101,3
8,101,200,1,101,1
8,101,200,2,101,3
8,101,200,2,101,1
8,101,200,3,101,3
8,101,200,3,101,1
8,101,200,4,101,3
8,101,200,4,101,1
8,101,200,5,101,3
8,101,200,5,101,1
8,101,200,6,101,3
8,101,200,6,101,1
8,101,200,7,101,3
8,101,200,7,101,1
8,101,200,8,101,3
8,101,200,8,101,1
1,101,200,1,102,3
1,101,200,1,102,1
1,101,200,2,102,3
1,101,200,2,102,1
1,101,200,3,102,3
1,101,200,3,102,1
1,101,200,4,102,3
1,101,200,4,102,1
1,101,200,5,102,3
1,101,200,5,102,1
1,101,200,6,102,3
1,101,200,6,102,1
1,101,200,7,102,3
1,101,200,7,102,1
1,101,200,8,102,3
1,101,200,8,102,1
2,101,200,1,102,3
2,101,200,1,102,1
2,101,200,2,102,3
2,101,200,2,102,1
2,101,200,3,102,3
2,101,200,3,102,1
2,101,200,4,102,3
2,101,200,4,102,1
2,101,200,5,102,3
2,101,200,5,102,1
2,101,200,6,102,3
2,101,200,6,102,1
2,101,200,7,102,3
2,101,200,7,102,1
2,101,200,8,102,3
2,101,200,8,102,1
3,101,100,1,102,3
3,101,100,1,102,1
3,101,100,2,102,3
3,101,100,2,102,1
3,101,100,3,102,3
3,101,100,3,102,1
3,101,100,4,102,3
3,101,100,4,102,1
3,101,100,5,102,3
3,101,100,5,102,1
3,101,100,6,102,3
3,101,100,6,102,1
3,101,100,7,102,3
3,101,100,7,102,1
3,101,100,8,102,3
3,101,100,8,102,1
4,101,100,1,102,3
4,101,100,1,102,1
4,101,100,2,102,3
4,101,100,2,102,1
4,101,100,3,102,3
4,101,100,3,102,1
4,101,100,4,102,3
4,101,100,4,102,1
4,101,100,5,102,3
4,101,100,5,102,1
4,101,100,6,102,3
4,101,100,6,102,1
4,101,100,7,102,3
4,101,100,7,102,1
4,101,100,8,102,3
4,101,100,8,102,1
5,101,100,1,102,3
5,101,100,1,102,1
5,101,100,2,102,3
5,101,100,2,102,1
5,101,100,3,102,3
5,101,100,3,102,1
5,101,100,4,102,3
5,101,100,4,102,1
5,101,100,5,102,3
5,101,100,5,102,1
5,101,100,6,102,3
5,101,100,6,102,1
5,101,100,7,102,3
5,101,100,7,102,1
5,101,100,8,102,3
5,101,100,8,102,1
6,101,300,1,102,3
6,101,300,1,102,1
6,101,300,2,102,3
6,101,300,2,102,1
6,101,300,3,102,3
6,101,300,3,102,1
6,101,300,4,102,3
6,101,300,4,102,1
6,101,300,5,102,3
6,101,300,5,102,1
6,101,300,6,102,3
6,101,300,6,102,1
6,101,300,7,102,3
6,101,300,7,102,1
6,101,300,8,102,3
6,101,300,8,102,1
7,101,200,1,102,3
7,101,200,1,102,1
7,101,200,2,102,3
7,101,200,2,102,1
7,101,200,3,102,3
7,101,200,3,102,1
7,101,200,4,102,3
7,101,200,4,102,1
7,101,200,5,102,3
7,101,200,5,102,1
7,101,200,6,102,3
7,101,200,6,102,1
7,101,200,7,102,3
7,101,200,7,102,1
7,101,200,8,102,3
7,101,200,8,102,1
8,101,200,1,102,3
8,101,200,1,102,1
8,101,200,2,102,3
8,101,200,2,102,1
8,101,200,3,102,3
8,101,200,3,102,1
8,101,200,4,102,3
8,101,200,4,102,1
8,101,200,5,102,3
8,101,200,5,102,1
8,101,200,6,102,3
8,101,200,6,102,1
8,101,200,7,102,3
8,101,200,7,102,1
8,101,200,8,102,3
8,101,200,8,102,1
1,101,200,1,104,3
1,101,200,1,104,1
1,101,200,2,104,3
1,101,200,2,104,1
1,101,200,3,104,3
1,101,200,3,104,1
1,101,200,4,104,3
1,101,200,4,104,1
1,101,200,5,104,3
1,101,200,5,104,1
1,101,200,6,104,3
1,101,200,6,104,1
1,101,200,7,104,3
1,101,200,7,104,1
1,101,200,8,104,3
1,101,200,8,104,1
2,101,200,1,104,3
2,101,200,1,104,1
2,101,200,2,104,3
2,101,200,2,104,1
2,101,200,3,104,3
2,101,200,3,104,1
2,101,200,4,104,3
2,101,200,4,104,1
2,101,200,5,104,3
2,101,200,5,104,1
2,101,200,6,104,3
2,101,200,6,104,1
2,101,200,7,104,3
2,101,200,7,104,1
2,101,200,8,104,3
2,101,200,8,104,1
3,101,100,1,104,3
3,101,100,1,104,1
3,101,100,2,104,3
3,101,100,2,104,1
3,101,100,3,104,3
3,101,100,3,104,1
3,101,100,4,104,3
3,101,100,4,104,1
3,101,100,5,104,3
3,101,100,5,104,1
3,101,100,6,104,3
3,101,100,6,104,1
3,101,100,7,104,3
3,101,100,7,104,1
3,101,100,8,104,3
3,101,100,8,104,1
4,101,100,1,104,3
4,101,100,1,104,1
4,101,100,2,104,3
4,101,100,2,104,1
4,101,100,3,104,3
4,101,100,3,104,1
4,101,100,4,104,3
4,101,100,4,104,1
4,101,100,5,104,3
4,101,100,5,104,1
4,101,100,6,104,3
4,101,100,6,104,1
4,101,100,7,104,3
4,101,100,7,104,1
4,101,100,8,104,3
4,101,100,8,104,1
5,101,100,1,104,3
5,101,100,1,104,1
5,101,100,2,104,3
5,101,100,2,104,1
5,101,100,3,104,3
5,101,100,3,104,1
5,101,100,4,104,3
5,101,100,4,104,1
5,101,100,5,104,3
5,101,100,5,104,1
5,101,100,6,104,3
5,101,100,6,104,1
5,101,100,7,104,3
5,101,100,7,104,1
5,101,100,8,104,3
5,101,100,8,104,1
6,101,300,1,104,3
6,101,300,1,104,1
6,101,300,2,104,3
6,101,300,2,104,1
6,101,300,3,104,3
6,101,300,3,104,1
6,101,300,4,104,3
6,101,300,4,104,1
6,101,300,5,104,3
6,101,300,5,104,1
6,101,300,6,104,3
6,101,300,6,104,1
6,101,300,7,104,3
6,101,300,7,104,1
6,101,300,8,104,3
6,101,300,8,104,1
7,101,200,1,104,3
7,101,200,1,104,1
7,101,200,2,104,3
7,101,200,2,104,1
7,101,200,3,104,3
7,101,200,3,104,1
7,101,200,4,104,3
7,101,200,4,104,1
7,101,200,5,104,3
7,101,200,5,104,1
7,101,200,6,104,3
7,101,200,6,104,1
7,101,200,7,104,3
7,101,200,7,104,1
7,101,200,8,104,3
7,101,200,8,104,1
8,101,200,1,104,3
8,101,200,1,104,1
8,101,200,2,104,3
8,101,200,2,104,1
8,101,200,3,104,3
8,101,200,3,104,1
8,101,200,4,104,3
8,101,200,4,104,1
8,101,200,5,104,3
8,101,200,5,104,1
8,101,200,6,104,3
8,101,200,6,104,1
8,101,200,7,104,3
8,101,200,7,104,1
8,101,200,8,104,3
8,101,200,8,104,1
1,102,200,1,101,3
1,102,200,1,101,1
1,102,200,2,101,3
1,102,200,2,101,1
1,102,200,3,101,3
1,102,200,3,101,1
1,102,200,4,101,3
1,102,200,4,101,1
1,102,200,5,101,3
1,102,200,5,101,1
1,102,200,6,101,3
1,102,200,6,101,1
1,102,200,7,101,3
1,102,200,7,101,1
1,102,200,8,101,3
1,102,200,8,101,1
2,102,200,1,101,3
2,102,200,1,101,1
2,102,200,2,101,3
2,102,200,2,101,1
2,102,200,3,101,3
2,102,200,3,101,1
2,102,200,4,101,3
2,102,200,4,101,1
2,102,200,5,101,3
2,102,200,5,101,1
2,102,200,6,101,3
2,102,200,6,101,1
2,102,200,7,101,3
2,102,200,7,101,1
2,102,200,8,101,3
2,102,200,8,101,1
3,102,100,1,101,3
3,102,100,1,101,1
3,102,100,2,101,3
3,102,100,2,101,1
3,102,100,3,101,3
3,102,100,3,101,1
3,102,100,4,101,3
3,102,100,4,101,1
3,102,100,5,101,3
3,102,100,5,101,1
3,102,100,6,101,3
3,102,100,6,101,1
3,102,100,7,101,3
3,102,100,7,101,1
3,102,100,8,101,3
3,102,100,8,101,1
4,102,100,1,101,3
4,102,100,1,101,1
4,102,100,2,101,3
4,102,100,2,101,1
4,102,100,3,101,3
4,102,100,3,101,1
4,102,100,4,101,3
4,102,100,4,101,1
4,102,100,5,101,3
4,102,100,5,101,1
4,102,100,6,101,3
4,102,100,6,101,1
4,102,100,7,101,3
4,102,100,7,101,1
4,102,100,8,101,3
4,102,100,8,101,1
5,102,100,1,101,3
5,102,100,1,101,1
5,102,100,2,101,3
5,102,100,2,101,1
5,102,100,3,101,3
5,102,100,3,101,1
5,102,100,4,101,3
5,102,100,4,101,1
5,102,100,5,101,3
5,102,100,5,101,1
5,102,100,6,101,3
5,102,100,6,101,1
5,102,100,7,101,3
5,102,100,7,101,1
5,102,100,8,101,3
5,102,100,8,101,1
6,102,300,1,101,3
6,102,300,1,101,1
6,102,300,2,101,3
6,102,300,2,101,1
6,102,300,3,101,3
6,102,300,3,101,1
6,102,300,4,101,3
6,102,300,4,101,1
6,102,300,5,101,3
6,102,300,5,101,1
6,102,300,6,101,3
6,102,300,6,101,1
6,102,300,7,101,3
6,102,300,7,101,1
6,102,300,8,101,3
6,102,300,8,101,1
7,102,200,1,101,3
7,102,200,1,101,1
7,102,200,2,101,3
7,102,200,2,101,1
7,102,200,3,101,3
7,102,200,3,101,1
7,102,200,4,101,3
7,102,200,4,101,1
7,102,200,5,101,3
7,102,200,5,101,1
7,102,200,6,101,3
7,102,200,6,101,1
7,102,200,7,101,3
7,102,200,7,101,1
7,102,200,8,101,3
7,102,200,8,101,1
8,102,200,1,101,3
8,102,200,1,101,1
8,102,200,2,101,3
8,102,200,2,101,1
8,102,200,3,101,3
8,102,200,3,101,1
8,102,200,4,101,3
8,102,200,4,101,1
8,102,200,5,101,3
8,102,200,5,101,1
8,102,200,6,101,3
8,102,200,6,101,1
8,102,200,7,101,3
8,102,200,7,101,1
8,102,200,8,101,3
8,102,200,8,101,1
1,102,200,1,102,3
1,102,200,1,102,1
1,102,200,2,102,3
1,102,200,2,102,1
1,102,200,3,102,3
1,102,200,3,102,1
1,102,200,4,102,3
1,102,200,4,102,1
1,102,200,5,102,3
1,102,200,5,102,1
1,102,200,6,102,3
1,102,200,6,102,1
1,102,200,7,102,3
1,102,200,7,102,1
1,102,200,8,102,3
1,102,200,8,102,1
2,102,200,1,102,3
2,102,200,1,102,1
2,102,200,2,102,3
2,102,200,2,102,1
2,102,200,3,102,3
2,102,200,3,102,1
2,102,200,4,102,3
2,102,200,4,102,1
2,102,200,5,102,3
2,102,200,5,102,1
2,102,200,6,102,3
2,102,200,6,102,1
2,102,200,7,102,3
2,102,200,7,102,1
2,102,200,8,102,3
2,102,200,8,102,1
3,102,100,1,102,3
3,102,100,1,102,1
3,102,100,2,102,3
3,102,100,2,102,1
3,102,100,3,102,3
3,102,100,3,102,1
3,102,100,4,102,3
3,102,100,4,102,1
3,102,100,5,102,3
3,102,100,5,102,1
3,102,100,6,102,3
3,102,100,6,102,1
3,102,100,7,102,3
3,102,100,7,102,1
3,102,100,8,102,3
3,102,100,8,102,1
4,102,100,1,102,3
4,102,100,1,102,1
4,102,100,2,102,3
4,102,100,2,102,1
4,102,100,3,102,3
4,102,100,3,102,1
4,102,100,4,102,3
4,102,100,4,102,1
4,102,100,5,102,3
4,102,100,5,102,1
4,102,100,6,102,3
4,102,100,6,102,1
4,102,100,7,102,3
4,102,100,7,102,1
4,102,100,8,102,3
4,102,100,8,102,1
5,102,100,1,102,3
5,102,100,1,102,1
5,102,100,2,102,3
5,102,100,2,102,1
5,102,100,3,102,3
5,102,100,3,102,1
5,102,100,4,102,3
5,102,100,4,102,1
5,102,100,5,102,3
5,102,100,5,102,1
5,102,100,6,102,3
5,102,100,6,102,1
5,102,100,7,102,3
5,102,100,7,102,1
5,102,100,8,102,3
5,102,100,8,102,1
6,102,300,1,102,3
6,102,300,1,102,1
6,102,300,2,102,3
6,102,300,2,102,1
6,102,300,3,102,3
6,102,300,3,102,1
6,102,300,4,102,3
6,102,300,4,102,1
6,102,300,5,102,3
6,102,300,5,102,1
6,102,300,6,102,3
6,102,300,6,102,1
6,102,300,7,102,3
6,102,300,7,102,1
6,102,300,8,102,3
6,102,300,8,102,1
7,102,200,1,102,3
7,102,200,1,102,1
7,102,200,2,102,3
7,102,200,2,102,1
7,102,200,3,102,3
7,102,200,3,102,1
7,102,200,4,102,3
7,102,200,4,102,1
7,102,200,5,102,3
7,102,200,5,102,1
7,102,200,6,102,3
7,102,200,6,102,1
7,102,200,7,102,3
7,102,200,7,102,1
7,102,200,8,102,3
7,102,200,8,102,1
8,102,200,1,102,3
8,102,200,1,102,1
8,102,200,2,102,3
8,102,200,2,102,1
8,102,200,3,102,3
8,102,200,3,102,1
8,102,200,4,102,3
8,102,200,4,102,1
8,102,200,5,102,3
8,102,200,5,102,1
8,102,200,6,102,3
8,102,200,6,102,1
8,102,200,7,102,3
8,102,200,7,102,1
8,102,200,8,102,3
8,102,200,8,102,1
1,102,200,1,103,3
1,102,200,1,103,1
1,102,200,2,103,3
1,102,200,2,103,1
1,102,200,3,103,3
1,102,200,3,103,1
1,102,200,4,103,3
1,102,200,4,103,1
1,102,200,5,103,3
1,102,200,5,103,1
1,102,200,6,103,3
1,102,200,6,103,1
1,102,200,7,103,3
1,102,200,7,103,1
1,102,200,8,103,3
1,102,200,8,103,1
2,102,200,1,103,3
2,102,200,1,103,1
2,102,200,2,103,3
2,102,200,2,103,1
2,102,200,3,103,3
2,102,200,3,103,1
2,102,200,4,103,3
2,102,200,4,103,1
2,102,200,5,103,3
2,102,200,5,103,1
2,102,200,6,103,3
2,102,200,6,103,1
2,102,200,7,103,3
2,102,200,7,103,1
2,102,200,8,103,3
2,102,200,8,103,1
3,102,100,1,103,3
3,102,100,1,103,1
3,102,100,2,103,3
3,102,100,2,103,1
3,102,100,3,103,3
3,102,100,3,103,1
3,102,100,4,103,3
3,102,100,4,103,1
3,102,100,5,103,3
3,102,100,5,103,1
3,102,100,6,103,3
3,102,100,6,103,1
3,102,100,7,103,3
3,102,100,7,103,1
3,102,100,8,103,3
3,102,100,8,103,1
4,102,100,1,103,3
4,102,100,1,103,1
4,102,100,2,103,3
4,102,100,2,103,1
4,102,100,3,103,3
4,102,100,3,103,1
4,102,100,4,103,3
4,102,100,4,103,1
4,102,100,5,103,3
4,102,100,5,103,1
4,102,100,6,103,3
4,102,100,6,103,1
4,102,100,7,103,3
4,102,100,7,103,1
4,102,100,8,103,3
4,102,100,8,103,1
5,102,100,1,103,3
5,102,100,1,103,1
5,102,100,2,103,3
5,102,100,2,103,1
5,102,100,3,103,3
5,102,100,3,103,1
5,102,100,4,103,3
5,102,100,4,103,1
5,102,100,5,103,3
5,102,100,5,103,1
5,102,100,6,103,3
5,102,100,6,103,1
5,102,100,7,103,3
5,102,100,7,103,1
5,102,100,8,103,3
5,102,100,8,103,1
6,102,300,1,103,3
6,102,300,1,103,1
6,102,300,2,103,3
6,102,300,2,103,1
6,102,300,3,103,3
6,102,300,3,103,1
6,102,300,4,103,3
6,102,300,4,103,1
6,102,300,5,103,3
6,102,300,5,103,1
6,102,300,6,103,3
6,102,300,6,103,1
6,102,300,7,103,3
6,102,300,7,103,1
6,102,300,8,103,3
6,102,300,8,103,1
7,102,200,1,103,3
7,102,200,1,103,1
7,102,200,2,103,3
7,102,200,2,103,1
7,102,200,3,103,3
7,102,200,3,103,1
7,102,200,4,103,3
7,102,200,4,103,1
7,102,200,5,103,3
7,102,200,5,103,1
7,102,200,6,103,3
7,102,200,6,103,1
7,102,200,7,103,3
7,102,200,7,103,1
7,102,200,8,103,3
7,102,200,8,103,1
8,102,200,1,103,3
8,102,200,1,103,1
8,102,200,2,103,3
8,102,200,2,103,1
8,102,200,3,103,3
8,102,200,3,103,1
8,102,200,4,103,3
8,102,200,4,103,1
8,102,200,5,103,3
8,102,200,5,103,1
8,102,200,6,103,3
8,102,200,6,103,1
8,102,200,7,103,3
8,102,200,7,103,1
8,102,200,8,103,3
8,102,200,8,103,1
1,102,200,1,101,3
1,102,200,1,101,1
1,102,200,2,101,3
1,102,200,2,101,1
1,102,200,3,101,3
1,102,200,3,101,1
1,102,200,4,101,3
1,102,200,4,101,1
1,102,200,5,101,3
1,102,200,5,101,1
1,102,200,6,101,3
1,102,200,6,101,1
1,102,200,7,101,3
1,102,200,7,101,1
1,102,200,8,101,3
1,102,200,8,101,1
2,102,200,1,101,3
2,102,200,1,101,1
2,102,200,2,101,3
2,102,200,2,101,1
2,102,200,3,101,3
2,102,200,3,101,1
2,102,200,4,101,3
2,102,200,4,101,1
2,102,200,5,101,3
2,102,200,5,101,1
2,102,200,6,101,3
2,102,200,6,101,1
2,102,200,7,101,3
2,102,200,7,101,1
2,102,200,8,101,3
2,102,200,8,101,1
3,102,100,1,101,3
3,102,100,1,101,1
3,102,100,2,101,3
3,102,100,2,101,1
3,102,100,3,101,3
3,102,100,3,101,1
3,102,100,4,101,3
3,102,100,4,101,1
3,102,100,5,101,3
3,102,100,5,101,1
3,102,100,6,101,3
3,102,100,6,101,1
3,102,100,7,101,3
3,102,100,7,101,1
3,102,100,8,101,3
3,102,100,8,101,1
4,102,100,1,101,3
4,102,100,1,101,1
4,102,100,2,101,3
4,102,100,2,101,1
4,102,100,3,101,3
4,102,100,3,101,1
4,102,100,4,101,3
4,102,100,4,101,1
4,102,100,5,101,3
4,102,100,5,101,1
4,102,100,6,101,3
4,102,100,6,101,1
4,102,100,7,101,3
4,102,100,7,101,1
4,102,100,8,101,3
4,102,100,8,101,1
5,102,100,1,101,3
5,102,100,1,101,1
5,102,100,2,101,3
5,102,100,2,101,1
5,102,100,3,101,3
5,102,100,3,101,1
5,102,100,4,101,3
5,102,100,4,101,1
5,102,100,5,101,3
5,102,100,5,101,1
5,102,100,6,101,3
5,102,100,6,101,1
5,102,100,7,101,3
5,102,100,7,101,1
5,102,100,8,101,3
5,102,100,8,101,1
6,102,300,1,101,3
6,102,300,1,101,1
6,102,300,2,101,3
6,102,300,2,101,1
6,102,300,3,101,3
6,102,300,3,101,1
6,102,300,4,101,3
6,102,300,4,101,1
6,102,300,5,101,3
6,102,300,5,101,1
6,102,300,6,101,3
6,102,300,6,101,1
6,102,300,7,101,3
6,102,300,7,101,1
6,102,300,8,101,3
6,102,300,8,101,1
7,102,200,1,101,3
7,102,200,1,101,1
7,102,200,2,101,3
7,102,200,2,101,1
7,102,200,3,101,3
7,102,200,3,101,1
7,102,200,4,101,3
7,102,200,4,101,1
7,102,200,5,101,3
7,102,200,5,101,1
7,102,200,6,101,3
7,102,200,6,101,1
7,102,200,7,101,3
7,102,200,7,101,1
7,102,200,8,101,3
7,102,200,8,101,1
8,102,200,1,101,3
8,102,200,1,101,1
8,102,200,2,101,3
8,102,200,2,101,1
8,102,200,3,101,3
8,102,200,3,101,1
8,102,200,4,101,3
8,102,200,4,101,1
8,102,200,5,101,3
8,102,200,5,101,1
8,102,200,6,101,3
8,102,200,6,101,1
8,102,200,7,101,3
8,102,200,7,101,1
8,102,200,8,101,3
8,102,200,8,101,1
1,102,200,1,102,3
1,102,200,1,102,1
1,102,200,2,102,3
1,102,200,2,102,1
1,102,200,3,102,3
1,102,200,3,102,1
1,102,200,4,102,3
1,102,200,4,102,1
1,102,200,5,102,3
1,102,200,5,102,1
1,102,200,6,102,3
1,102,200,6,102,1
1,102,200,7,102,3
1,102,200,7,102,1
1,102,200,8,102,3
1,102,200,8,102,1
2,102,200,1,102,3
2,102,200,1,102,1
2,102,200,2,102,3
2,102,200,2,102,1
2,102,200,3,102,3
2,102,200,3,102,1
2,102,200,4,102,3
2,102,200,4,102,1
2,102,200,5,102,3
2,102,200,5,102,1
2,102,200,6,102,3
2,102,200,6,102,1
2,102,200,7,102,3
2,102,200,7,102,1
2,102,200,8,102,3
2,102,200,8,102,1
3,102,100,1,102,3
3,102,100,1,102,1
3,102,100,2,102,3
3,102,100,2,102,1
3,102,100,3,102,3
3,102,100,3,102,1
3,102,100,4,102,3
3,102,100,4,102,1
3,102,100,5,102,3
3,102,100,5,102,1
3,102,100,6,102,3
3,102,100,6,102,1
3,102,100,7,102,3
3,102,100,7,102,1
3,102,100,8,102,3
3,102,100,8,102,1
4,102,100,1,102,3
4,102,100,1,102,1
4,102,100,2,102,3
4,102,100,2,102,1
4,102,100,3,102,3
4,102,100,3,102,1
4,102,100,4,102,3
4,102,100,4,102,1
4,102,100,5,102,3
4,102,100,5,102,1
4,102,100,6,102,3
4,102,100,6,102,1
4,102,100,7,102,3
4,102,100,7,102,1
4,102,100,8,102,3
4,102,100,8,102,1
5,102,100,1,102,3
5,102,100,1,102,1
5,102,100,2,102,3
5,102,100,2,102,1
5,102,100,3,102,3
5,102,100,3,102,1
5,102,100,4,102,3
5,102,100,4,102,1
5,102,100,5,102,3
5,102,100,5,102,1
5,102,100,6,102,3
5,102,100,6,102,1
5,102,100,7,102,3
5,102,100,7,102,1
5,102,100,8,102,3
5,102,100,8,102,1
6,102,300,1,102,3
6,102,300,1,102,1
6,102,300,2,102,3
6,102,300,2,102,1
6,102,300,3,102,3
6,102,300,3,102,1
6,102,300,4,102,3
6,102,300,4,102,1
6,102,300,5,102,3
6,102,300,5,102,1
6,102,300,6,102,3
6,102,300,6,102,1
6,102,300,7,102,3
6,102,300,7,102,1
6,102,300,8,102,3
6,102,300,8,102,1
7,102,200,1,102,3
7,102,200,1,102,1
7,102,200,2,102,3
7,102,200,2,102,1
7,102,200,3,102,3
7,102,200,3,102,1
7,102,200,4,102,3
7,102,200,4,102,1
7,102,200,5,102,3
7,102,200,5,102,1
7,102,200,6,102,3
7,102,200,6,102,1
7,102,200,7,102,3
7,102,200,7,102,1
7,102,200,8,102,3
7,102,200,8,102,1
8,102,200,1,102,3
8,102,200,1,102,1
8,102,200,2,102,3
8,102,200,2,102,1
8,102,200,3,102,3
8,102,200,3,102,1
8,102,200,4,102,3
8,102,200,4,102,1
8,102,200,5,102,3
8,102,200,5,102,1
8,102,200,6,102,3
8,102,200,6,102,1
8,102,200,7,102,3
8,102,200,7,102,1
8,102,200,8,102,3
8,102,200,8,102,1
1,102,200,1,104,3
1,102,200,1,104,1
1,102,200,2,104,3
1,102,200,2,104,1
1,102,200,3,104,3
1,102,200,3,104,1
1,102,200,4,104,3
1,102,200,4,104,1
1,102,200,5,104,3
1,102,200,5,104,1
1,102,200,6,104,3
1,102,200,6,104,1
1,102,200,7,104,3
1,102,200,7,104,1
1,102,200,8,104,3
1,102,200,8,104,1
2,102,200,1,104,3
2,102,200,1,104,1
2,102,200,2,104,3
2,102,200,2,104,1
2,102,200,3,104,3
2,102,200,3,104,1
2,102,200,4,104,3
2,102,200,4,104,1
2,102,200,5,104,3
2,102,200,5,104,1
2,102,200,6,104,3
2,102,200,6,104,1
2,102,200,7,104,3
2,102,200,7,104,1
2,102,200,8,104,3
2,102,200,8,104,1
3,102,100,1,104,3
3,102,100,1,104,1
3,102,100,2,104,3
3,102,100,2,104,1
3,102,100,3,104,3
3,102,100,3,104,1
3,102,100,4,104,3
3,102,100,4,104,1
3,102,100,5,104,3
3,102,100,5,104,1
3,102,100,6,104,3
3,102,100,6,104,1
3,102,100,7,104,3
3,102,100,7,104,1
3,102,100,8,104,3
3,102,100,8,104,1
4,102,100,1,104,3
4,102,100,1,104,1
4,102,100,2,104,3
4,102,100,2,104,1
4,102,100,3,104,3
4,102,100,3,104,1
4,102,100,4,104,3
4,102,100,4,104,1
4,102,100,5,104,3
4,102,100,5,104,1
4,102,100,6,104,3
4,102,100,6,104,1
4,102,100,7,104,3
4,102,100,7,104,1
4,102,100,8,104,3
4,102,100,8,104,1
5,102,100,1,104,3
5,102,100,1,104,1
5,102,100,2,104,3
5,102,100,2,104,1
5,102,100,3,104,3
5,102,100,3,104,1
5,102,100,4,104,3
5,102,100,4,104,1
5,102,100,5,104,3
5,102,100,5,104,1
5,102,100,6,104,3
5,102,100,6,104,1
5,102,100,7,104,3
5,102,100,7,104,1
5,102,100,8,104,3
5,102,100,8,104,1
6,102,300,1,104,3
6,102,300,1,104,1
6,102,300,2,104,3
6,102,300,2,104,1
6,102,300,3,104,3
6,102,300,3,104,1
6,102,300,4,104,3
6,102,300,4,104,1
6,102,300,5,104,3
6,102,300,5,104,1
6,102,300,6,104,3
6,102,300,6,104,1
6,102,300,7,104,3
6,102,300,7,104,1
6,102,300,8,104,3
6,102,300,8,104,1
7,102,200,1,104,3
7,102,200,1,104,1
7,102,200,2,104,3
7,102,200,2,104,1
7,102,200,3,104,3
7,102,200,3,104,1
7,102,200,4,104,3
7,102,200,4,104,1
7,102,200,5,104,3
7,102,200,5,104,1
7,102,200,6,104,3
7,102,200,6,104,1
7,102,200,7,104,3
7,102,200,7,104,1
7,102,200,8,104,3
7,102,200,8,104,1
8,102,200,1,104,3
8,102,200,1,104,1
8,102,200,2,104,3
8,102,200,2,104,1
8,102,200,3,104,3
8,102,200,3,104,1
8,102,200,4,104,3
8,102,200,4,104,1
8,102,200,5,104,3
8,102,200,5,104,1
8,102,200,6,104,3
8,102,200,6,104,1
8,102,200,7,104,3
8,102,200,7,104,1
8,102,200,8,104,3
8,102,200,8,104,1
1,103,200,1,101,3
1,103,200,1,101,1
1,103,200,2,101,3
1,103,200,2,101,1
1,103,200,3,101,3
1,103,200,3,101,1
1,103,200,4,101,3
1,103,200,4,101,1
1,103,200,5,101,3
1,103,200,5,101,1
1,103,200,6,101,3
1,103,200,6,101,1
1,103,200,7,101,3
1,103,200,7,101,1
1,103,200,8,101,3
1,103,200,8,101,1
2,103,200,1,101,3
2,103,200,1,101,1
2,103,200,2,101,3
2,103,200,2,101,1
2,103,200,3,101,3
2,103,200,3,101,1
2,103,200,4,101,3
2,103,200,4,101,1
2,103,200,5,101,3
2,103,200,5,101,1
2,103,200,6,101,3
2,103,200,6,101,1
2,103,200,7,101,3
2,103,200,7,101,1
2,103,200,8,101,3
2,103,200,8,101,1
3,103,100,1,101,3
3,103,100,1,101,1
3,103,100,2,101,3
3,103,100,2,101,1
3,103,100,3,101,3
3,103,100,3,101,1
3,103,100,4,101,3
3,103,100,4,101,1
3,103,100,5,101,3
3,103,100,5,101,1
3,103,100,6,101,3
3,103,100,6,101,1
3,103,100,7,101,3
3,103,100,7,101,1
3,103,100,8,101,3
3,103,100,8,101,1
4,103,100,1,101,3
4,103,100,1,101,1
4,103,100,2,101,3
4,103,100,2,101,1
4,103,100,3,101,3
4,103,100,3,101,1
4,103,100,4,101,3
4,103,100,4,101,1
4,103,100,5,101,3
4,103,100,5,101,1
4,103,100,6,101,3
4,103,100,6,101,1
4,103,100,7,101,3
4,103,100,7,101,1
4,103,100,8,101,3
4,103,100,8,101,1
5,103,100,1,101,3
5,103,100,1,101,1
5,103,100,2,101,3
5,103,100,2,101,1
5,103,100,3,101,3
5,103,100,3,101,1
5,103,100,4,101,3
5,103,100,4,101,1
5,103,100,5,101,3
5,103,100,5,101,1
5,103,100,6,101,3
5,103,100,6,101,1
5,103,100,7,101,3
5,103,100,7,101,1
5,103,100,8,101,3
5,103,100,8,101,1
6,103,300,1,101,3
6,103,300,1,101,1
6,103,300,2,101,3
6,103,300,2,101,1
6,103,300,3,101,3
6,103,300,3,101,1
6,103,300,4,101,3
6,103,300,4,101,1
6,103,300,5,101,3
6,103,300,5,101,1
6,103,300,6,101,3
6,103,300,6,101,1
6,103,300,7,101,3
6,103,300,7,101,1
6,103,300,8,101,3
6,103,300,8,101,1
7,103,200,1,101,3
7,103,200,1,101,1
7,103,200,2,101,3
7,103,200,2,101,1
7,103,200,3,101,3
7,103,200,3,101,1
7,103,200,4,101,3
7,103,200,4,101,1
7,103,200,5,101,3
7,103,200,5,101,1
7,103,200,6,101,3
7,103,200,6,101,1
7,103,200,7,101,3
7,103,200,7,101,1
7,103,200,8,101,3
7,103,200,8,101,1
8,103,200,1,101,3
8,103,200,1,101,1
8,103,200,2,101,3
8,103,200,2,101,1
8,103,200,3,101,3
8,103,200,3,101,1
8,103,200,4,101,3
8,103,200,4,101,1
8,103,200,5,101,3
8,103,200,5,101,1
8,103,200,6,101,3
8,103,200,6,101,1
8,103,200,7,101,3
8,103,200,7,101,1
8,103,200,8,101,3
8,103,200,8,101,1
1,103,200,1,102,3
1,103,200,1,102,1
1,103,200,2,102,3
1,103,200,2,102,1
1,103,200,3,102,3
1,103,200,3,102,1
1,103,200,4,102,3
1,103,200,4,102,1
1,103,200,5,102,3
1,103,200,5,102,1
1,103,200,6,102,3
1,103,200,6,102,1
1,103,200,7,102,3
1,103,200,7,102,1
1,103,200,8,102,3
1,103,200,8,102,1
2,103,200,1,102,3
2,103,200,1,102,1
2,103,200,2,102,3
2,103,200,2,102,1
2,103,200,3,102,3
2,103,200,3,102,1
2,103,200,4,102,3
2,103,200,4,102,1
2,103,200,5,102,3
2,103,200,5,102,1
2,103,200,6,102,3
2,103,200,6,102,1
2,103,200,7,102,3
2,103,200,7,102,1
2,103,200,8,102,3
2,103,200,8,102,1
3,103,100,1,102,3
3,103,100,1,102,1
3,103,100,2,102,3
3,103,100,2,102,1
3,103,100,3,102,3
3,103,100,3,102,1
3,103,100,4,102,3
3,103,100,4,102,1
3,103,100,5,102,3
3,103,100,5,102,1
3,103,100,6,102,3
3,103,100,6,102,1
3,103,100,7,102,3
3,103,100,7,102,1
3,103,100,8,102,3
3,103,100,8,102,1
4,103,100,1,102,3
4,103,100,1,102,1
4,103,100,2,102,3
4,103,100,2,102,1
4,103,100,3,102,3
4,103,100,3,102,1
4,103,100,4,102,3
4,103,100,4,102,1
4,103,100,5,102,3
4,103,100,5,102,1
4,103,100,6,102,3
4,103,100,6,102,1
4,103,100,7,102,3
4,103,100,7,102,1
4,103,100,8,102,3
4,103,100,8,102,1
5,103,100,1,102,3
5,103,100,1,102,1
5,103,100,2,102,3
5,103,100,2,102,1
5,103,100,3,102,3
5,103,100,3,102,1
5,103,100,4,102,3
5,103,100,4,102,1
5,103,100,5,102,3
5,103,100,5,102,1
5,103,100,6,102,3
5,103,100,6,102,1
5,103,100,7,102,3
5,103,100,7,102,1
5,103,100,8,102,3
5,103,100,8,102,1
6,103,300,1,102,3
6,103,300,1,102,1
6,103,300,2,102,3
6,103,300,2,102,1
6,103,300,3,102,3
6,103,300,3,102,1
6,103,300,4,102,3
6,103,300,4,102,1
6,103,300,5,102,3
6,103,300,5,102,1
6,103,300,6,102,3
6,103,300,6,102,1
6,103,300,7,102,3
6,103,300,7,102,1
6,103,300,8,102,3
6,103,300,8,102,1
7,103,200,1,102,3
7,103,200,1,102,1
7,103,200,2,102,3
7,103,200,2,102,1
7,103,200,3,102,3
7,103,200,3,102,1
7,103,200,4,102,3
7,103,200,4,102,1
7,103,200,5,102,3
7,103,200,5,102,1
7,103,200,6,102,3
7,103,200,6,102,1
7,103,200,7,102,3
7,103,200,7,102,1
7,103,200,8,102,3
7,103,200,8,102,1
8,103,200,1,102,3
8,103,200,1,102,1
8,103,200,2,102,3
8,103,200,2,102,1
8,103,200,3,102,3
8,103,200,3,102,1
8,103,200,4,102,3
8,103,200,4,102,1
8,103,200,5,102,3
8,103,200,5,102,1
8,103,200,6,102,3
8,103,200,6,102,1
8,103,200,7,102,3
8,103,200,7,102,1
8,103,200,8,102,3
8,103,200,8,102,1
1,103,200,1,103,3
1,103,200,1,103,1
1,103,200,2,103,3
1,103,200,2,103,1
1,103,200,3,103,3
1,103,200,3,103,1
1,103,200,4,103,3
1,103,200,4,103,1
1,103,200,5,103,3
1,103,200,5,103,1
1,103,200,6,103,3
1,103,200,6,103,1
1,103,200,7,103,3
1,103,200,7,103,1
1,103,200,8,103,3
1,103,200,8,103,1
2,103,200,1,103,3
2,103,200,1,103,1
2,103,200,2,103,3
2,103,200,2,103,1
2,103,200,3,103,3
2,103,200,3,103,1
2,103,200,4,103,3
2,103,200,4,103,1
2,103,200,5,103,3
2,103,200,5,103,1
2,103,200,6,103,3
2,103,200,6,103,1
2,103,200,7,103,3
2,103,200,7,103,1
2,103,200,8,103,3
2,103,200,8,103,1
3,103,100,1,103,3
3,103,100,1,103,1
3,103,100,2,103,3
3,103,100,2,103,1
3,103,100,3,103,3
3,103,100,3,103,1
3,103,100,4,103,3
3,103,100,4,103,1
3,103,100,5,103,3
3,103,100,5,103,1
3,103,100,6,103,3
3,103,100,6,103,1
3,103,100,7,103,3
3,103,100,7,103,1
3,103,100,8,103,3
3,103,100,8,103,1
4,103,100,1,103,3
4,103,100,1,103,1
4,103,100,2,103,3
4,103,100,2,103,1
4,103,100,3,103,3
4,103,100,3,103,1
4,103,100,4,103,3
4,103,100,4,103,1
4,103,100,5,103,3
4,103,100,5,103,1
4,103,100,6,103,3
4,103,100,6,103,1
4,103,100,7,103,3
4,103,100,7,103,1
4,103,100,8,103,3
4,103,100,8,103,1
5,103,100,1,103,3
5,103,100,1,103,1
5,103,100,2,103,3
5,103,100,2,103,1
5,103,100,3,103,3
5,103,100,3,103,1
5,103,100,4,103,3
5,103,100,4,103,1
5,103,100,5,103,3
5,103,100,5,103,1
5,103,100,6,103,3
5,103,100,6,103,1
5,103,100,7,103,3
5,103,100,7,103,1
5,103,100,8,103,3
5,103,100,8,103,1
6,103,300,1,103,3
6,103,300,1,103,1
6,103,300,2,103,3
6,103,300,2,103,1
6,103,300,3,103,3
6,103,300,3,103,1
6,103,300,4,103,3
6,103,300,4,103,1
6,103,300,5,103,3
6,103,300,5,103,1
6,103,300,6,103,3
6,103,300,6,103,1
6,103,300,7,103,3
6,103,300,7,103,1
6,103,300,8,103,3
6,103,300,8,103,1
7,103,200,1,103,3
7,103,200,1,103,1
7,103,200,2,103,3
7,103,200,2,103,1
7,103,200,3,103,3
7,103,200,3,103,1
7,103,200,4,103,3
7,103,200,4,103,1
7,103,200,5,103,3
7,103,200,5,103,1
7,103,200,6,103,3
7,103,200,6,103,1
7,103,200,7,103,3
7,103,200,7,103,1
7,103,200,8,103,3
7,103,200,8,103,1
8,103,200,1,103,3
8,103,200,1,103,1
8,103,200,2,103,3
8,103,200,2,103,1
8,103,200,3,103,3
8,103,200,3,103,1
8,103,200,4,103,3
8,103,200,4,103,1
8,103,200,5,103,3
8,103,200,5,103,1
8,103,200,6,103,3
8,103,200,6,103,1
8,103,200,7,103,3
8,103,200,7,103,1
8,103,200,8,103,3
8,103,200,8,103,1
1,103,200,1,101,3
1,103,200,1,101,1
1,103,200,2,101,3
1,103,200,2,101,1
1,103,200,3,101,3
1,103,200,3,101,1
1,103,200,4,101,3
1,103,200,4,101,1
1,103,200,5,101,3
1,103,200,5,101,1
1,103,200,6,101,3
1,103,200,6,101,1
1,103,200,7,101,3
1,103,200,7,101,1
1,103,200,8,101,3
1,103,200,8,101,1
2,103,200,1,101,3
2,103,200,1,101,1
2,103,200,2,101,3
2,103,200,2,101,1
2,103,200,3,101,3
2,103,200,3,101,1
2,103,200,4,101,3
2,103,200,4,101,1
2,103,200,5,101,3
2,103,200,5,101,1
2,103,200,6,101,3
2,103,200,6,101,1
2,103,200,7,101,3
2,103,200,7,101,1
2,103,200,8,101,3
2,103,200,8,101,1
3,103,100,1,101,3
3,103,100,1,101,1
3,103,100,2,101,3
3,103,100,2,101,1
3,103,100,3,101,3
3,103,100,3,101,1
3,103,100,4,101,3
3,103,100,4,101,1
3,103,100,5,101,3
3,103,100,5,101,1
3,103,100,6,101,3
3,103,100,6,101,1
3,103,100,7,101,3
3,103,100,7,101,1
3,103,100,8,101,3
3,103,100,8,101,1
4,103,100,1,101,3
4,103,100,1,101,1
4,103,100,2,101,3
4,103,100,2,101,1
4,103,100,3,101,3
4,103,100,3,101,1
4,103,100,4,101,3
4,103,100,4,101,1
4,103,100,5,101,3
4,103,100,5,101,1
4,103,100,6,101,3
4,103,100,6,101,1
4,103,100,7,101,3
4,103,100,7,101,1
4,103,100,8,101,3
4,103,100,8,101,1
5,103,100,1,101,3
5,103,100,1,101,1
5,103,100,2,101,3
5,103,100,2,101,1
5,103,100,3,101,3
5,103,100,3,101,1
5,103,100,4,101,3
5,103,100,4,101,1
5,103,100,5,101,3
5,103,100,5,101,1
5,103,100,6,101,3
5,103,100,6,101,1
5,103,100,7,101,3
5,103,100,7,101,1
5,103,100,8,101,3
5,103,100,8,101,1
6,103,300,1,101,3
6,103,300,1,101,1
6,103,300,2,101,3
6,103,300,2,101,1
6,103,300,3,101,3
6,103,300,3,101,1
6,103,300,4,101,3
6,103,300,4,101,1
6,103,300,5,101,3
6,103,300,5,101,1
6,103,300,6,101,3
6,103,300,6,101,1
6,103,300,7,101,3
6,103,300,7,101,1
6,103,300,8,101,3
6,103,300,8,101,1
7,103,200,1,101,3
7,103,200,1,101,1
7,103,200,2,101,3
7,103,200,2,101,1
7,103,200,3,101,3
7,103,200,3,101,1
7,103,200,4,101,3
7,103,200,4,101,1
7,103,200,5,101,3
7,103,200,5,101,1
7,103,200,6,101,3
7,103,200,6,101,1
7,103,200,7,101,3
7,103,200,7,101,1
7,103,200,8,101,3
7,103,200,8,101,1
8,103,200,1,101,3
8,103,200,1,101,1
8,103,200,2,101,3
8,103,200,2,101,1
8,103,200,3,101,3
8,103,200,3,101,1
8,103,200,4,101,3
8,103,200,4,101,1
8,103,200,5,101,3
8,103,200,5,101,1
8,103,200,6,101,3
8,103,200,6,101,1
8,103,200,7,101,3
8,103,200,7,101,1
8,103,200,8,101,3
8,103,200,8,101,1
1,103,200,1,102,3
1,103,200,1,102,1
1,103,200,2,102,3
1,103,200,2,102,1
1,103,200,3,102,3
1,103,200,3,102,1
1,103,200,4,102,3
1,103,200,4,102,1
1,103,200,5,102,3
1,103,200,5,102,1
1,103,200,6,102,3
1,103,200,6,102,1
1,103,200,7,102,3
1,103,200,7,102,1
1,103,200,8,102,3
1,103,200,8,102,1
2,103,200,1,102,3
2,103,200,1,102,1
2,103,200,2,102,3
2,103,200,2,102,1
2,103,200,3,102,3
2,103,200,3,102,1
2,103,200,4,102,3
2,103,200,4,102,1
2,103,200,5,102,3
2,103,200,5,102,1
2,103,200,6,102,3
2,103,200,6,102,1
2,103,200,7,102,3
2,103,200,7,102,1
2,103,200,8,102,3
2,103,200,8,102,1
3,103,100,1,102,3
3,103,100,1,102,1
3,103,100,2,102,3
3,103,100,2,102,1
3,103,100,3,102,3
3,103,100,3,102,1
3,103,100,4,102,3
3,103,100,4,102,1
3,103,100,5,102,3
3,103,100,5,102,1
3,103,100,6,102,3
3,103,100,6,102,1
3,103,100,7,102,3
3,103,100,7,102,1
3,103,100,8,102,3
3,103,100,8,102,1
4,103,100,1,102,3
4,103,100,1,102,1
4,103,100,2,102,3
4,103,100,2,102,1
4,103,100,3,102,3
4,103,100,3,102,1
4,103,100,4,102,3
4,103,100,4,102,1
4,103,100,5,102,3
4,103,100,5,102,1
4,103,100,6,102,3
4,103,100,6,102,1
4,103,100,7,102,3
4,103,100,7,102,1
4,103,100,8,102,3
4,103,100,8,102,1
5,103,100,1,102,3
5,103,100,1,102,1
5,103,100,2,102,3
5,103,100,2,102,1
5,103,100,3,102,3
5,103,100,3,102,1
5,103,100,4,102,3
5,103,100,4,102,1
5,103,100,5,102,3
5,103,100,5,102,1
5,103,100,6,102,3
5,103,100,6,102,1
5,103,100,7,102,3
5,103,100,7,102,1
5,103,100,8,102,3
5,103,100,8,102,1
6,103,300,1,102,3
6,103,300,1,102,1
6,103,300,2,102,3
6,103,300,2,102,1
6,103,300,3,102,3
6,103,300,3,102,1
6,103,300,4,102,3
6,103,300,4,102,1
6,103,300,5,102,3
6,103,300,5,102,1
6,103,300,6,102,3
6,103,300,6,102,1
6,103,300,7,102,3
6,103,300,7,102,1
6,103,300,8,102,3
6,103,300,8,102,1
7,103,200,1,102,3
7,103,200,1,102,1
7,103,200,2,102,3
7,103,200,2,102,1
7,103,200,3,102,3
7,103,200,3,102,1
7,103,200,4,102,3
7,103,200,4,102,1
7,103,200,5,102,3
7,103,200,5,102,1
7,103,200,6,102,3
7,103,200,6,102,1
7,103,200,7,102,3
7,103,200,7,102,1
7,103,200,8,102,3
7,103,200,8,102,1
8,103,200,1,102,3
8,103,200,1,102,1
8,103,200,2,102,3
8,103,200,2,102,1
8,103,200,3,102,3
8,103,200,3,102,1
8,103,200,4,102,3
8,103,200,4,102,1
8,103,200,5,102,3
8,103,200,5,102,1
8,103,200,6,102,3
8,103,200,6,102,1
8,103,200,7,102,3
8,103,200,7,102,1
8,103,200,8,102,3
8,103,200,8,102,1
1,103,200,1,104,3
1,103,200,1,104,1
1,103,200,2,104,3
1,103,200,2,104,1
1,103,200,3,104,3
1,103,200,3,104,1
1,103,200,4,104,3
1,103,200,4,104,1
1,103,200,5,104,3
1,103,200,5,104,1
1,103,200,6,104,3
1,103,200,6,104,1
1,103,200,7,104,3
1,103,200,7,104,1
1,103,200,8,104,3
1,103,200,8,104,1
2,103,200,1,104,3
2,103,200,1,104,1
2,103,200,2,104,3
2,103,200,2,104,1
2,103,200,3,104,3
2,103,200,3,104,1
2,103,200,4,104,3
2,103,200,4,104,1
2,103,200,5,104,3
2,103,200,5,104,1
2,103,200,6,104,3
2,103,200,6,104,1
2,103,200,7,104,3
2,103,200,7,104,1
2,103,200,8,104,3
2,103,200,8,104,1
3,103,100,1,104,3
3,103,100,1,104,1
3,103,100,2,104,3
3,103,100,2,104,1
3,103,100,3,104,3
3,103,100,3,104,1
3,103,100,4,104,3
3,103,100,4,104,1
3,103,100,5,104,3
3,103,100,5,104,1
3,103,100,6,104,3
3,103,100,6,104,1
3,103,100,7,104,3
3,103,100,7,104,1
3,103,100,8,104,3
3,103,100,8,104,1
4,103,100,1,104,3
4,103,100,1,104,1
4,103,100,2,104,3
4,103,100,2,104,1
4,103,100,3,104,3
4,103,100,3,104,1
4,103,100,4,104,3
4,103,100,4,104,1
4,103,100,5,104,3
4,103,100,5,104,1
4,103,100,6,104,3
4,103,100,6,104,1
4,103,100,7,104,3
4,103,100,7,104,1
4,103,100,8,104,3
4,103,100,8,104,1
5,103,100,1,104,3
5,103,100,1,104,1
5,103,100,2,104,3
5,103,100,2,104,1
5,103,100,3,104,3
5,103,100,3,104,1
5,103,100,4,104,3
5,103,100,4,104,1
5,103,100,5,104,3
5,103,100,5,104,1
5,103,100,6,104,3
5,103,100,6,104,1
5,103,100,7,104,3
5,103,100,7,104,1
5,103,100,8,104,3
5,103,100,8,104,1
6,103,300,1,104,3
6,103,300,1,104,1
6,103,300,2,104,3
6,103,300,2,104,1
6,103,300,3,104,3
6,103,300,3,104,1
6,103,300,4,104,3
6,103,300,4,104,1
6,103,300,5,104,3
6,103,300,5,104,1
6,103,300,6,104,3
6,103,300,6,104,1
6,103,300,7,104,3
6,103,300,7,104,1
6,103,300,8,104,3
6,103,300,8,104,1
7,103,200,1,104,3
7,103,200,1,104,1
7,103,200,2,104,3
7,103,200,2,104,1
7,103,200,3,104,3
7,103,200,3,104,1
7,103,200,4,104,3
7,103,200,4,104,1
7,103,200,5,104,3
7,103,200,5,104,1
7,103,200,6,104,3
7,103,200,6,104,1
7,103,200,7,104,3
7,103,200,7,104,1
7,103,200,8,104,3
7,103,200,8,104,1
8,103,200,1,104,3
8,103,200,1,104,1
8,103,200,2,104,3
8,103,200,2,104,1
8,103,200,3,104,3
8,103,200,3,104,1
8,103,200,4,104,3
8,103,200,4,104,1
8,103,200,5,104,3
8,103,200,5,104,1
8,103,200,6,104,3
8,103,200,6,104,1
8,103,200,7,104,3
8,103,200,7,104,1
8,103,200,8,104,3
8,103,200,8,104,1
1,101,200,1,101,3
1,101,200,1,101,1
1,101,200,2,101,3
1,101,200,2,101,1
1,101,200,3,101,3
1,101,200,3,101,1
1,101,200,4,101,3
1,101,200,4,101,1
1,101,200,5,101,3
1,101,200,5,101,1
1,101,200,6,101,3
1,101,200,6,101,1
1,101,200,7,101,3
1,101,200,7,101,1
1,101,200,8,101,3
1,101,200,8,101,1
2,101,200,1,101,3
2,101,200,1,101,1
2,101,200,2,101,3
2,101,200,2,101,1
2,101,200,3,101,3
2,101,200,3,101,1
2,101,200,4,101,3
2,101,200,4,101,1
2,101,200,5,101,3
2,101,200,5,101,1
2,101,200,6,101,3
2,101,200,6,101,1
2,101,200,7,101,3
2,101,200,7,101,1
2,101,200,8,101,3
2,101,200,8,101,1
3,101,100,1,101,3
3,101,100,1,101,1
3,101,100,2,101,3
3,101,100,2,101,1
3,101,100,3,101,3
3,101,100,3,101,1
3,101,100,4,101,3
3,101,100,4,101,1
3,101,100,5,101,3
3,101,100,5,101,1
3,101,100,6,101,3
3,101,100,6,101,1
3,101,100,7,101,3
3,101,100,7,101,1
3,101,100,8,101,3
3,101,100,8,101,1
4,101,100,1,101,3
4,101,100,1,101,1
4,101,100,2,101,3
4,101,100,2,101,1
4,101,100,3,101,3
4,101,100,3,101,1
4,101,100,4,101,3
4,101,100,4,101,1
4,101,100,5,101,3
4,101,100,5,101,1
4,101,100,6,101,3
4,101,100,6,101,1
4,101,100,7,101,3
4,101,100,7,101,1
4,101,100,8,101,3
4,101,100,8,101,1
5,101,100,1,101,3
5,101,100,1,101,1
5,101,100,2,101,3
5,101,100,2,101,1
5,101,100,3,101,3
5,101,100,3,101,1
5,101,100,4,101,3
5,101,100,4,101,1
5,101,100,5,101,3
5,101,100,5,101,1
5,101,100,6,101,3
5,101,100,6,101,1
5,101,100,7,101,3
5,101,100,7,101,1
5,101,100,8,101,3
5,101,100,8,101,1
6,101,300,1,101,3
6,101,300,1,101,1
6,101,300,2,101,3
6,101,300,2,101,1
6,101,300,3,101,3
6,101,300,3,101,1
6,101,300,4,101,3
6,101,300,4,101,1
6,101,300,5,101,3
6,101,300,5,101,1
6,101,300,6,101,3
6,101,300,6,101,1
6,101,300,7,101,3
6,101,300,7,101,1
6,101,300,8,101,3
6,101,300,8,101,1
7,101,200,1,101,3
7,101,200,1,101,1
7,101,200,2,101,3
7,101,200,2,101,1
7,101,200,3,101,3
7,101,200,3,101,1
7,101,200,4,101,3
7,101,200,4,101,1
7,101,200,5,101,3
7,101,200,5,101,1
7,101,200,6,101,3
7,101,200,6,101,1
7,101,200,7,101,3
7,101,200,7,101,1
7,101,200,8,101,3
7,101,200,8,101,1
8,101,200,1,101,3
8,101,200,1,101,1
8,101,200,2,101,3
8,101,200,2,101,1
8,101,200,3,101,3
8,101,200,3,101,1
8,101,200,4,101,3
8,101,200,4,101,1
8,101,200,5,101,3
8,101,200,5,101,1
8,101,200,6,101,3
8,101,200,6,101,1
8,101,200,7,101,3
8,101,200,7,101,1
8,101,200,8,101,3
8,101,200,8,101,1
1,101,200,1,102,3
1,101,200,1,102,1
1,101,200,2,102,3
1,101,200,2,102,1
1,101,200,3,102,3
1,101,200,3,102,1
1,101,200,4,102,3
1,101,200,4,102,1
1,101,200,5,102,3
1,101,200,5,102,1
1,101,200,6,102,3
1,101,200,6,102,1
1,101,200,7,102,3
1,101,200,7,102,1
1,101,200,8,102,3
1,101,200,8,102,1
2,101,200,1,102,3
2,101,200,1,102,1
2,101,200,2,102,3
2,101,200,2,102,1
2,101,200,3,102,3
2,101,200,3,102,1
2,101,200,4,102,3
2,101,200,4,102,1
2,101,200,5,102,3
2,101,200,5,102,1
2,101,200,6,102,3
2,101,200,6,102,1
2,101,200,7,102,3
2,101,200,7,102,1
2,101,200,8,102,3
2,101,200,8,102,1
3,101,100,1,102,3
3,101,100,1,102,1
3,101,100,2,102,3
3,101,100,2,102,1
3,101,100,3,102,3
3,101,100,3,102,1
3,101,100,4,102,3
3,101,100,4,102,1
3,101,100,5,102,3
3,101,100,5,102,1
3,101,100,6,102,3
3,101,100,6,102,1
3,101,100,7,102,3
3,101,100,7,102,1
3,101,100,8,102,3
3,101,100,8,102,1
4,101,100,1,102,3
4,101,100,1,102,1
4,101,100,2,102,3
4,101,100,2,102,1
4,101,100,3,102,3
4,101,100,3,102,1
4,101,100,4,102,3
4,101,100,4,102,1
4,101,100,5,102,3
4,101,100,5,102,1
4,101,100,6,102,3
4,101,100,6,102,1
4,101,100,7,102,3
4,101,100,7,102,1
4,101,100,8,102,3
4,101,100,8,102,1
5,101,100,1,102,3
5,101,100,1,102,1
5,101,100,2,102,3
5,101,100,2,102,1
5,101,100,3,102,3
5,101,100,3,102,1
5,101,100,4,102,3
5,101,100,4,102,1
5,101,100,5,102,3
5,101,100,5,102,1
5,101,100,6,102,3
5,101,100,6,102,1
5,101,100,7,102,3
5,101,100,7,102,1
5,101,100,8,102,3
5,101,100,8,102,1
6,101,300,1,102,3
6,101,300,1,102,1
6,101,300,2,102,3
6,101,300,2,102,1
6,101,300,3,102,3
6,101,300,3,102,1
6,101,300,4,102,3
6,101,300,4,102,1
6,101,300,5,102,3
6,101,300,5,102,1
6,101,300,6,102,3
6,101,300,6,102,1
6,101,300,7,102,3
6,101,300,7,102,1
6,101,300,8,102,3
6,101,300,8,102,1
7,101,200,1,102,3
7,101,200,1,102,1
7,101,200,2,102,3
7,101,200,2,102,1
7,101,200,3,102,3
7,101,200,3,102,1
7,101,200,4,102,3
7,101,200,4,102,1
7,101,200,5,102,3
7,101,200,5,102,1
7,101,200,6,102,3
7,101,200,6,102,1
7,101,200,7,102,3
7,101,200,7,102,1
7,101,200,8,102,3
7,101,200,8,102,1
8,101,200,1,102,3
8,101,200,1,102,1
8,101,200,2,102,3
8,101,200,2,102,1
8,101,200,3,102,3
8,101,200,3,102,1
8,101,200,4,102,3
8,101,200,4,102,1
8,101,200,5,102,3
8,101,200,5,102,1
8,101,200,6,102,3
8,101,200,6,102,1
8,101,200,7,102,3
8,101,200,7,102,1
8,101,200,8,102,3
8,101,200,8,102,1
1,101,200,1,103,3
1,101,200,1,103,1
1,101,200,2,103,3
1,101,200,2,103,1
1,101,200,3,103,3
1,101,200,3,103,1
1,101,200,4,103,3
1,101,200,4,103,1
1,101,200,5,103,3
1,101,200,5,103,1
1,101,200,6,103,3
1,101,200,6,103,1
1,101,200,7,103,3
1,101,200,7,103,1
1,101,200,8,103,3
1,101,200,8,103,1
2,101,200,1,103,3
2,101,200,1,103,1
2,101,200,2,103,3
2,101,200,2,103,1
2,101,200,3,103,3
2,101,200,3,103,1
2,101,200,4,103,3
2,101,200,4,103,1
2,101,200,5,103,3
2,101,200,5,103,1
2,101,200,6,103,3
2,101,200,6,103,1
2,101,200,7,103,3
2,101,200,7,103,1
2,101,200,8,103,3
2,101,200,8,103,1
3,101,100,1,103,3
3,101,100,1,103,1
3,101,100,2,103,3
3,101,100,2,103,1
3,101,100,3,103,3
3,101,100,3,103,1
3,101,100,4,103,3
3,101,100,4,103,1
3,101,100,5,103,3
3,101,100,5,103,1
3,101,100,6,103,3
3,101,100,6,103,1
3,101,100,7,103,3
3,101,100,7,103,1
3,101,100,8,103,3
3,101,100,8,103,1
4,101,100,1,103,3
4,101,100,1,103,1
4,101,100,2,103,3
4,101,100,2,103,1
4,101,100,3,103,3
4,101,100,3,103,1
4,101,100,4,103,3
4,101,100,4,103,1
4,101,100,5,103,3
4,101,100,5,103,1
4,101,100,6,103,3
4,101,100,6,103,1
4,101,100,7,103,3
4,101,100,7,103,1
4,101,100,8,103,3
4,101,100,8,103,1
5,101,100,1,103,3
5,101,100,1,103,1
5,101,100,2,103,3
5,101,100,2,103,1
5,101,100,3,103,3
5,101,100,3,103,1
5,101,100,4,103,3
5,101,100,4,103,1
5,101,100,5,103,3
5,101,100,5,103,1
5,101,100,6,103,3
5,101,100,6,103,1
5,101,100,7,103,3
5,101,100,7,103,1
5,101,100,8,103,3
5,101,100,8,103,1
6,101,300,1,103,3
6,101,300,1,103,1
6,101,300,2,103,3
6,101,300,2,103,1
6,101,300,3,103,3
6,101,300,3,103,1
6,101,300,4,103,3
6,101,300,4,103,1
6,101,300,5,103,3
6,101,300,5,103,1
6,101,300,6,103,3
6,101,300,6,103,1
6,101,300,7,103,3
6,101,300,7,103,1
6,101,300,8,103,3
6,101,300,8,103,1
7,101,200,1,103,3
7,101,200,1,103,1
7,101,200,2,103,3
7,101,200,2,103,1
7,101,200,3,103,3
7,101,200,3,103,1
7,101,200,4,103,3
7,101,200,4,103,1
7,101,200,5,103,3
7,101,200,5,103,1
7,101,200,6,103,3
7,101,200,6,103,1
7,101,200,7,103,3
7,101,200,7,103,1
7,101,200,8,103,3
7,101,200,8,103,1
8,101,200,1,103,3
8,101,200,1,103,1
8,101,200,2,103,3
8,101,200,2,103,1
8,101,200,3,103,3
8,101,200,3,103,1
8,101,200,4,103,3
8,101,200,4,103,1
8,101,200,5,103,3
8,101,200,5,103,1
8,101,200,6,103,3
8,101,200,6,103,1
8,101,200,7,103,3
8,101,200,7,103,1
8,101,200,8,103,3
8,101,200,8,103,1
1,101,200,1,101,3
1,101,200,1,101,1
1,101,200,2,101,3
1,101,200,2,101,1
1,101,200,3,101,3
1,101,200,3,101,1
1,101,200,4,101,3
1,101,200,4,101,1
1,101,200,5,101,3
1,101,200,5,101,1
1,101,200,6,101,3
1,101,200,6,101,1
1,101,200,7,101,3
1,101,200,7,101,1
1,101,200,8,101,3
1,101,200,8,101,1
2,101,200,1,101,3
2,101,200,1,101,1
2,101,200,2,101,3
2,101,200,2,101,1
2,101,200,3,101,3
2,101,200,3,101,1
2,101,200,4,101,3
2,101,200,4,101,1
2,101,200,5,101,3
2,101,200,5,101,1
2,101,200,6,101,3
2,101,200,6,101,1
2,101,200,7,101,3
2,101,200,7,101,1
2,101,200,8,101,3
2,101,200,8,101,1
3,101,100,1,101,3
3,101,100,1,101,1
3,101,100,2,101,3
3,101,100,2,101,1
3,101,100,3,101,3
3,101,100,3,101,1
3,101,100,4,101,3
3,101,100,4,101,1
3,101,100,5,101,3
3,101,100,5,101,1
3,101,100,6,101,3
3,101,100,6,101,1
3,101,100,7,101,3
3,101,100,7,101,1
3,101,100,8,101,3
3,101,100,8,101,1
4,101,100,1,101,3
4,101,100,1,101,1
4,101,100,2,101,3
4,101,100,2,101,1
4,101,100,3,101,3
4,101,100,3,101,1
4,101,100,4,101,3
4,101,100,4,101,1
4,101,100,5,101,3
4,101,100,5,101,1
4,101,100,6,101,3
4,101,100,6,101,1
4,101,100,7,101,3
4,101,100,7,101,1
4,101,100,8,101,3
4,101,100,8,101,1
5,101,100,1,101,3
5,101,100,1,101,1
5,101,100,2,101,3
5,101,100,2,101,1
5,101,100,3,101,3
5,101,100,3,101,1
5,101,100,4,101,3
5,101,100,4,101,1
5,101,100,5,101,3
5,101,100,5,101,1
5,101,100,6,101,3
5,101,100,6,101,1
5,101,100,7,101,3
5,101,100,7,101,1
5,101,100,8,101,3
5,101,100,8,101,1
6,101,300,1,101,3
6,101,300,1,101,1
6,101,300,2,101,3
6,101,300,2,101,1
6,101,300,3,101,3
6,101,300,3,101,1
6,101,300,4,101,3
6,101,300,4,101,1
6,101,300,5,101,3
6,101,300,5,101,1
6,101,300,6,101,3
6,101,300,6,101,1
6,101,300,7,101,3
6,101,300,7,101,1
6,101,300,8,101,3
6,101,300,8,101,1
7,101,200,1,101,3
7,101,200,1,101,1
7,101,200,2,101,3
7,101,200,2,101,1
7,101,200,3,101,3
7,101,200,3,101,1
7,101,200,4,101,3
7,101,200,4,101,1
7,101,200,5,101,3
7,101,200,5,101,1
7,101,200,6,101,3
7,101,200,6,101,1
7,101,200,7,101,3
7,101,200,7,101,1
7,101,200,8,101,3
7,101,200,8,101,1
8,101,200,1,101,3
8,101,200,1,101,1
8,101,200,2,101,3
8,101,200,2,101,1
8,101,200,3,101,3
8,101,200,3,101,1
8,101,200,4,101,3
8,101,200,4,101,1
8,101,200,5,101,3
8,101,200,5,101,1
8,101,200,6,101,3
8,101,200,6,101,1
8,101,200,7,101,3
8,101,200,7,101,1
8,101,200,8,101,3
8,101,200,8,101,1
1,101,200,1,102,3
1,101,200,1,102,1
1,101,200,2,102,3
1,101,200,2,102,1
1,101,200,3,102,3
1,101,200,3,102,1
1,101,200,4,102,3
1,101,200,4,102,1
1,101,200,5,102,3
1,101,200,5,102,1
1,101,200,6,102,3
1,101,200,6,102,1
1,101,200,7,102,3
1,101,200,7,102,1
1,101,200,8,102,3
1,101,200,8,102,1
2,101,200,1,102,3
2,101,200,1,102,1
2,101,200,2,102,3
2,101,200,2,102,1
2,101,200,3,102,3
2,101,200,3,102,1
2,101,200,4,102,3
2,101,200,4,102,1
2,101,200,5,102,3
2,101,200,5,102,1
2,101,200,6,102,3
2,101,200,6,102,1
2,101,200,7,102,3
2,101,200,7,102,1
2,101,200,8,102,3
2,101,200,8,102,1
3,101,100,1,102,3
3,101,100,1,102,1
3,101,100,2,102,3
3,101,100,2,102,1
3,101,100,3,102,3
3,101,100,3,102,1
3,101,100,4,102,3
3,101,100,4,102,1
3,101,100,5,102,3
3,101,100,5,102,1
3,101,100,6,102,3
3,101,100,6,102,1
3,101,100,7,102,3
3,101,100,7,102,1
3,101,100,8,102,3
3,101,100,8,102,1
4,101,100,1,102,3
4,101,100,1,102,1
4,101,100,2,102,3
4,101,100,2,102,1
4,101,100,3,102,3
4,101,100,3,102,1
4,101,100,4,102,3
4,101,100,4,102,1
4,101,100,5,102,3
4,101,100,5,102,1
4,101,100,6,102,3
4,101,100,6,102,1
4,101,100,7,102,3
4,101,100,7,102,1
4,101,100,8,102,3
4,101,100,8,102,1
5,101,100,1,102,3
5,101,100,1,102,1
5,101,100,2,102,3
5,101,100,2,102,1
5,101,100,3,102,3
5,101,100,3,102,1
5,101,100,4,102,3
5,101,100,4,102,1
5,101,100,5,102,3
5,101,100,5,102,1
5,101,100,6,102,3
5,101,100,6,102,1
5,101,100,7,102,3
5,101,100,7,102,1
5,101,100,8,102,3
5,101,100,8,102,1
6,101,300,1,102,3
6,101,300,1,102,1
6,101,300,2,102,3
6,101,300,2,102,1
6,101,300,3,102,3
6,101,300,3,102,1
6,101,300,4,102,3
6,101,300,4,102,1
6,101,300,5,102,3
6,101,300,5,102,1
6,101,300,6,102,3
6,101,300,6,102,1
6,101,300,7,102,3
6,101,300,7,102,1
6,101,300,8,102,3
6,101,300,8,102,1
7,101,200,1,102,3
7,101,200,1,102,1
7,101,200,2,102,3
7,101,200,2,102,1
7,101,200,3,102,3
7,101,200,3,102,1
7,101,200,4,102,3
7,101,200,4,102,1
7,101,200,5,102,3
7,101,200,5,102,1
7,101,200,6,102,3
7,101,200,6,102,1
7,101,200,7,102,3
7,101,200,7,102,1
7,101,200,8,102,3
7,101,200,8,102,1
8,101,200,1,102,3
8,101,200,1,102,1
8,101,200,2,102,3
8,101,200,2,102,1
8,101,200,3,102,3
8,101,200,3,102,1
8,101,200,4,102,3
8,101,200,4,102,1
8,101,200,5,102,3
8,101,200,5,102,1
8,101,200,6,102,3
8,101,200,6,102,1
8,101,200,7,102,3
8,101,200,7,102,1
8,101,200,8,102,3
8,101,200,8,102,1
1,101,200,1,104,3
1,101,200,1,104,1
1,101,200,2,104,3
1,101,200,2,104,1
1,101,200,3,104,3
1,101,200,3,104,1
1,101,200,4,104,3
1,101,200,4,104,1
1,101,200,5,104,3
1,101,200,5,104,1
1,101,200,6,104,3
1,101,200,6,104,1
1,101,200,7,104,3
1,101,200,7,104,1
1,101,200,8,104,3
1,101,200,8,104,1
2,101,200,1,104,3
2,101,200,1,104,1
2,101,200,2,104,3
2,101,200,2,104,1
2,101,200,3,104,3
2,101,200,3,104,1
2,101,200,4,104,3
2,101,200,4,104,1
2,101,200,5,104,3
2,101,200,5,104,1
2,101,200,6,104,3
2,101,200,6,104,1
2,101,200,7,104,3
2,101,200,7,104,1
2,101,200,8,104,3
2,101,200,8,104,1
3,101,100,1,104,3
3,101,100,1,104,1
3,101,100,2,104,3
3,101,100,2,104,1
3,101,100,3,104,3
3,101,100,3,104,1
3,101,100,4,104,3
3,101,100,4,104,1
3,101,100,5,104,3
3,101,100,5,104,1
3,101,100,6,104,3
3,101,100,6,104,1
3,101,100,7,104,3
3,101,100,7,104,1
3,101,100,8,104,3
3,101,100,8,104,1
4,101,100,1,104,3
4,101,100,1,104,1
4,101,100,2,104,3
4,101,100,2,104,1
4,101,100,3,104,3
4,101,100,3,104,1
4,101,100,4,104,3
4,101,100,4,104,1
4,101,100,5,104,3
4,101,100,5,104,1
4,101,100,6,104,3
4,101,100,6,104,1
4,101,100,7,104,3
4,101,100,7,104,1
4,101,100,8,104,3
4,101,100,8,104,1
5,101,100,1,104,3
5,101,100,1,104,1
5,101,100,2,104,3
5,101,100,2,104,1
5,101,100,3,104,3
5,101,100,3,104,1
5,101,100,4,104,3
5,101,100,4,104,1
5,101,100,5,104,3
5,101,100,5,104,1
5,101,100,6,104,3
5,101,100,6,104,1
5,101,100,7,104,3
5,101,100,7,104,1
5,101,100,8,104,3
5,101,100,8,104,1
6,101,300,1,104,3
6,101,300,1,104,1
6,101,300,2,104,3
6,101,300,2,104,1
6,101,300,3,104,3
6,101,300,3,104,1
6,101,300,4,104,3
6,101,300,4,104,1
6,101,300,5,104,3
6,101,300,5,104,1
6,101,300,6,104,3
6,101,300,6,104,1
6,101,300,7,104,3
6,101,300,7,104,1
6,101,300,8,104,3
6,101,300,8,104,1
7,101,200,1,104,3
7,101,200,1,104,1
7,101,200,2,104,3
7,101,200,2,104,1
7,101,200,3,104,3
7,101,200,3,104,1
7,101,200,4,104,3
7,101,200,4,104,1
7,101,200,5,104,3
7,101,200,5,104,1
7,101,200,6,104,3
7,101,200,6,104,1
7,101,200,7,104,3
7,101,200,7,104,1
7,101,200,8,104,3
7,101,200,8,104,1
8,101,200,1,104,3
8,101,200,1,104,1
8,101,200,2,104,3
8,101,200,2,104,1
8,101,200,3,104,3
8,101,200,3,104,1
8,101,200,4,104,3
8,101,200,4,104,1
8,101,200,5,104,3
8,101,200,5,104,1
8,101,200,6,104,3
8,101,200,6,104,1
8,101,200,7,104,3
8,101,200,7,104,1
8,101,200,8,104,3
8,101,200,8,104,1
1,102,200,1,101,3
1,102,200,1,101,1
1,102,200,2,101,3
1,102,200,2,101,1
1,102,200,3,101,3
1,102,200,3,101,1
1,102,200,4,101,3
1,102,200,4,101,1
1,102,200,5,101,3
1,102,200,5,101,1
1,102,200,6,101,3
1,102,200,6,101,1
1,102,200,7,101,3
1,102,200,7,101,1
1,102,200,8,101,3
1,102,200,8,101,1
2,102,200,1,101,3
2,102,200,1,101,1
2,102,200,2,101,3
2,102,200,2,101,1
2,102,200,3,101,3
2,102,200,3,101,1
2,102,200,4,101,3
2,102,200,4,101,1
2,102,200,5,101,3
2,102,200,5,101,1
2,102,200,6,101,3
2,102,200,6,101,1
2,102,200,7,101,3
2,102,200,7,101,1
2,102,200,8,101,3
2,102,200,8,101,1
3,102,100,1,101,3
3,102,100,1,101,1
3,102,100,2,101,3
3,102,100,2,101,1
3,102,100,3,101,3
3,102,100,3,101,1
3,102,100,4,101,3
3,102,100,4,101,1
3,102,100,5,101,3
3,102,100,5,101,1
3,102,100,6,101,3
3,102,100,6,101,1
3,102,100,7,101,3
3,102,100,7,101,1
3,102,100,8,101,3
3,102,100,8,101,1
4,102,100,1,101,3
4,102,100,1,101,1
4,102,100,2,101,3
4,102,100,2,101,1
4,102,100,3,101,3
4,102,100,3,101,1
4,102,100,4,101,3
4,102,100,4,101,1
4,102,100,5,101,3
4,102,100,5,101,1
4,102,100,6,101,3
4,102,100,6,101,1
4,102,100,7,101,3
4,102,100,7,101,1
4,102,100,8,101,3
4,102,100,8,101,1
5,102,100,1,101,3
5,102,100,1,101,1
5,102,100,2,101,3
5,102,100,2,101,1
5,102,100,3,101,3
5,102,100,3,101,1
5,102,100,4,101,3
5,102,100,4,101,1
5,102,100,5,101,3
5,102,100,5,101,1
5,102,100,6,101,3
5,102,100,6,101,1
5,102,100,7,101,3
5,102,100,7,101,1
5,102,100,8,101,3
5,102,100,8,101,1
6,102,300,1,101,3
6,102,300,1,101,1
6,102,300,2,101,3
6,102,300,2,101,1
6,102,300,3,101,3
6,102,300,3,101,1
6,102,300,4,101,3
6,102,300,4,101,1
6,102,300,5,101,3
6,102,300,5,101,1
6,102,300,6,101,3
6,102,300,6,101,1
6,102,300,7,101,3
6,102,300,7,101,1
6,102,300,8,101,3
6,102,300,8,101,1
7,102,200,1,101,3
7,102,200,1,101,1
7,102,200,2,101,3
7,102,200,2,101,1
7,102,200,3,101,3
7,102,200,3,101,1
7,102,200,4,101,3
7,102,200,4,101,1
7,102,200,5,101,3
7,102,200,5,101,1
7,102,200,6,101,3
7,102,200,6,101,1
7,102,200,7,101,3
7,102,200,7,101,1
7,102,200,8,101,3
7,102,200,8,101,1
8,102,200,1,101,3
8,102,200,1,101,1
8,102,200,2,101,3
8,102,200,2,101,1
8,102,200,3,101,3
8,102,200,3,101,1
8,102,200,4,101,3
8,102,200,4,101,1
8,102,200,5,101,3
8,102,200,5,101,1
8,102,200,6,101,3
8,102,200,6,101,1
8,102,200,7,101,3
8,102,200,7,101,1
8,102,200,8,101,3
8,102,200,8,101,1
1,102,200,1,102,3
1,102,200,1,102,1
1,102,200,2,102,3
1,102,200,2,102,1
1,102,200,3,102,3
1,102,200,3,102,1
1,102,200,4,102,3
1,102,200,4,102,1
1,102,200,5,102,3
1,102,200,5,102,1
1,102,200,6,102,3
1,102,200,6,102,1
1,102,200,7,102,3
1,102,200,7,102,1
1,102,200,8,102,3
1,102,200,8,102,1
2,102,200,1,102,3
2,102,200,1,102,1
2,102,200,2,102,3
2,102,200,2,102,1
2,102,200,3,102,3
2,102,200,3,102,1
2,102,200,4,102,3
2,102,200,4,102,1
2,102,200,5,102,3
2,102,200,5,102,1
2,102,200,6,102,3
2,102,200,6,102,1
2,102,200,7,102,3
2,102,200,7,102,1
2,102,200,8,102,3
2,102,200,8,102,1
3,102,100,1,102,3
3,102,100,1,102,1
3,102,100,2,102,3
3,102,100,2,102,1
3,102,100,3,102,3
3,102,100,3,102,1
3,102,100,4,102,3
3,102,100,4,102,1
3,102,100,5,102,3
3,102,100,5,102,1
3,102,100,6,102,3
3,102,100,6,102,1
3,102,100,7,102,3
3,102,100,7,102,1
3,102,100,8,102,3
3,102,100,8,102,1
4,102,100,1,102,3
4,102,100,1,102,1
4,102,100,2,102,3
4,102,100,2,102,1
4,102,100,3,102,3
4,102,100,3,102,1
4,102,100,4,102,3
4,102,100,4,102,1
4,102,100,5,102,3
4,102,100,5,102,1
4,102,100,6,102,3
4,102,100,6,102,1
4,102,100,7,102,3
4,102,100,7,102,1
4,102,100,8,102,3
4,102,100,8,102,1
5,102,100,1,102,3
5,102,100,1,102,1
5,102,100,2,102,3
5,102,100,2,102,1
5,102,100,3,102,3
5,102,100,3,102,1
5,102,100,4,102,3
5,102,100,4,102,1
5,102,100,5,102,3
5,102,100,5,102,1
5,102,100,6,102,3
5,102,100,6,102,1
5,102,100,7,102,3
5,102,100,7,102,1
5,102,100,8,102,3
5,102,100,8,102,1
6,102,300,1,102,3
6,102,300,1,102,1
6,102,300,2,102,3
6,102,300,2,102,1
6,102,300,3,102,3
6,102,300,3,102,1
6,102,300,4,102,3
6,102,300,4,102,1
6,102,300,5,102,3
6,102,300,5,102,1
6,102,300,6,102,3
6,102,300,6,102,1
6,102,300,7,102,3
6,102,300,7,102,1
6,102,300,8,102,3
6,102,300,8,102,1
7,102,200,1,102,3
7,102,200,1,102,1
7,102,200,2,102,3
7,102,200,2,102,1
7,102,200,3,102,3
7,102,200,3,102,1
7,102,200,4,102,3
7,102,200,4,102,1
7,102,200,5,102,3
7,102,200,5,102,1
7,102,200,6,102,3
7,102,200,6,102,1
7,102,200,7,102,3
7,102,200,7,102,1
7,102,200,8,102,3
7,102,200,8,102,1
8,102,200,1,102,3
8,102,200,1,102,1
8,102,200,2,102,3
8,102,200,2,102,1
8,102,200,3,102,3
8,102,200,3,102,1
8,102,200,4,102,3
8,102,200,4,102,1
8,102,200,5,102,3
8,102,200,5,102,1
8,102,200,6,102,3
8,102,200,6,102,1
8,102,200,7,102,3
8,102,200,7,102,1
8,102,200,8,102,3
8,102,200,8,102,1
1,102,200,1,103,3
1,102,200,1,103,1
1,102,200,2,103,3
1,102,200,2,103,1
1,102,200,3,103,3
1,102,200,3,103,1
1,102,200,4,103,3
1,102,200,4,103,1
1,102,200,5,103,3
1,102,200,5,103,1
1,102,200,6,103,3
1,102,200,6,103,1
1,102,200,7,103,3
1,102,200,7,103,1
1,102,200,8,103,3
1,102,200,8,103,1
2,102,200,1,103,3
2,102,200,1,103,1
2,102,200,2,103,3
2,102,200,2,103,1
2,102,200,3,103,3
2,102,200,3,103,1
2,102,200,4,103,3
2,102,200,4,103,1
2,102,200,5,103,3
2,102,200,5,103,1
2,102,200,6,103,3
2,102,200,6,103,1
2,102,200,7,103,3
2,102,200,7,103,1
2,102,200,8,103,3
2,102,200,8,103,1
3,102,100,1,103,3
3,102,100,1,103,1
3,102,100,2,103,3
3,102,100,2,103,1
3,102,100,3,103,3
3,102,100,3,103,1
3,102,100,4,103,3
3,102,100,4,103,1
3,102,100,5,103,3
3,102,100,5,103,1
3,102,100,6,103,3
3,102,100,6,103,1
3,102,100,7,103,3
3,102,100,7,103,1
3,102,100,8,103,3
3,102,100,8,103,1
4,102,100,1,103,3
4,102,100,1,103,1
4,102,100,2,103,3
4,102,100,2,103,1
4,102,100,3,103,3
4,102,100,3,103,1
4,102,100,4,103,3
4,102,100,4,103,1
4,102,100,5,103,3
4,102,100,5,103,1
4,102,100,6,103,3
4,102,100,6,103,1
4,102,100,7,103,3
4,102,100,7,103,1
4,102,100,8,103,3
4,102,100,8,103,1
5,102,100,1,103,3
5,102,100,1,103,1
5,102,100,2,103,3
5,102,100,2,103,1
5,102,100,3,103,3
5,102,100,3,103,1
5,102,100,4,103,3
5,102,100,4,103,1
5,102,100,5,103,3
5,102,100,5,103,1
5,102,100,6,103,3
5,102,100,6,103,1
5,102,100,7,103,3
5,102,100,7,103,1
5,102,100,8,103,3
5,102,100,8,103,1
6,102,300,1,103,3
6,102,300,1,103,1
6,102,300,2,103,3
6,102,300,2,103,1
6,102,300,3,103,3
6,102,300,3,103,1
6,102,300,4,103,3
6,102,300,4,103,1
6,102,300,5,103,3
6,102,300,5,103,1
6,102,300,6,103,3
6,102,300,6,103,1
6,102,300,7,103,3
6,102,300,7,103,1
6,102,300,8,103,3
6,102,300,8,103,1
7,102,200,1,103,3
7,102,200,1,103,1
7,102,200,2,103,3
7,102,200,2,103,1
7,102,200,3,103,3
7,102,200,3,103,1
7,102,200,4,103,3
7,102,200,4,103,1
7,102,200,5,103,3
7,102,200,5,103,1
7,102,200,6,103,3
7,102,200,6,103,1
7,102,200,7,103,3
7,102,200,7,103,1
7,102,200,8,103,3
7,102,200,8,103,1
8,102,200,1,103,3
8,102,200,1,103,1
8,102,200,2,103,3
8,102,200,2,103,1
8,102,200,3,103,3
8,102,200,3,103,1
8,102,200,4,103,3
8,102,200,4,103,1
8,102,200,5,103,3
8,102,200,5,103,1
8,102,200,6,103,3
8,102,200,6,103,1
8,102,200,7,103,3
8,102,200,7,103,1
8,102,200,8,103,3
8,102,200,8,103,1
1,102,200,1,101,3
1,102,200,1,101,1
1,102,200,2,101,3
1,102,200,2,101,1
1,102,200,3,101,3
1,102,200,3,101,1
1,102,200,4,101,3
1,102,200,4,101,1
1,102,200,5,101,3
1,102,200,5,101,1
1,102,200,6,101,3
1,102,200,6,101,1
1,102,200,7,101,3
1,102,200,7,101,1
1,102,200,8,101,3
1,102,200,8,101,1
2,102,200,1,101,3
2,102,200,1,101,1
2,102,200,2,101,3
2,102,200,2,101,1
2,102,200,3,101,3
2,102,200,3,101,1
2,102,200,4,101,3
2,102,200,4,101,1
2,102,200,5,101,3
2,102,200,5,101,1
2,102,200,6,101,3
2,102,200,6,101,1
2,102,200,7,101,3
2,102,200,7,101,1
2,102,200,8,101,3
2,102,200,8,101,1
3,102,100,1,101,3
3,102,100,1,101,1
3,102,100,2,101,3
3,102,100,2,101,1
3,102,100,3,101,3
3,102,100,3,101,1
3,102,100,4,101,3
3,102,100,4,101,1
3,102,100,5,101,3
3,102,100,5,101,1
3,102,100,6,101,3
3,102,100,6,101,1
3,102,100,7,101,3
3,102,100,7,101,1
3,102,100,8,101,3
3,102,100,8,101,1
4,102,100,1,101,3
4,102,100,1,101,1
4,102,100,2,101,3
4,102,100,2,101,1
4,102,100,3,101,3
4,102,100,3,101,1
4,102,100,4,101,3
4,102,100,4,101,1
4,102,100,5,101,3
4,102,100,5,101,1
4,102,100,6,101,3
4,102,100,6,101,1
4,102,100,7,101,3
4,102,100,7,101,1
4,102,100,8,101,3
4,102,100,8,101,1
5,102,100,1,101,3
5,102,100,1,101,1
5,102,100,2,101,3
5,102,100,2,101,1
5,102,100,3,101,3
5,102,100,3,101,1
5,102,100,4,101,3
5,102,100,4,101,1
5,102,100,5,101,3
5,102,100,5,101,1
5,102,100,6,101,3
5,102,100,6,101,1
5,102,100,7,101,3
5,102,100,7,101,1
5,102,100,8,101,3
5,102,100,8,101,1
6,102,300,1,101,3
6,102,300,1,101,1
6,102,300,2,101,3
6,102,300,2,101,1
6,102,300,3,101,3
6,102,300,3,101,1
6,102,300,4,101,3
6,102,300,4,101,1
6,102,300,5,101,3
6,102,300,5,101,1
6,102,300,6,101,3
6,102,300,6,101,1
6,102,300,7,101,3
6,102,300,7,101,1
6,102,300,8,101,3
6,102,300,8,101,1
7,102,200,1,101,3
7,102,200,1,101,1
7,102,200,2,101,3
7,102,200,2,101,1
7,102,200,3,101,3
7,102,200,3,101,1
7,102,200,4,101,3
7,102,200,4,101,1
7,102,200,5,101,3
7,102,200,5,101,1
7,102,200,6,101,3
7,102,200,6,101,1
7,102,200,7,101,3
7,102,200,7,101,1
7,102,200,8,101,3
7,102,200,8,101,1
8,102,200,1,101,3
8,102,200,1,101,1
8,102,200,2,101,3
8,102,200,2,101,1
8,102,200,3,101,3
8,102,200,3,101,1
8,102,200,4,101,3
8,102,200,4,101,1
8,102,200,5,101,3
8,102,200,5,101,1
8,102,200,6,101,3
8,102,200,6,101,1
8,102,200,7,101,3
8,102,200,7,101,1
8,102,200,8,101,3
8,102,200,8,101,1
1,102,200,1,102,3
1,102,200,1,102,1
1,102,200,2,102,3
1,102,200,2,102,1
1,102,200,3,102,3
1,102,200,3,102,1
1,102,200,4,102,3
1,102,200,4,102,1
1,102,200,5,102,3
1,102,200,5,102,1
1,102,200,6,102,3
1,102,200,6,102,1
1,102,200,7,102,3
1,102,200,7,102,1
1,102,200,8,102,3
1,102,200,8,102,1
2,102,200,1,102,3
2,102,200,1,102,1
2,102,200,2,102,3
2,102,200,2,102,1
2,102,200,3,102,3
2,102,200,3,102,1
2,102,200,4,102,3
2,102,200,4,102,1
2,102,200,5,102,3
2,102,200,5,102,1
2,102,200,6,102,3
2,102,200,6,102,1
2,102,200,7,102,3
2,102,200,7,102,1
2,102,200,8,102,3
2,102,200,8,102,1
3,102,100,1,102,3
3,102,100,1,102,1
3,102,100,2,102,3
3,102,100,2,102,1
3,102,100,3,102,3
3,102,100,3,102,1
3,102,100,4,102,3
3,102,100,4,102,1
3,102,100,5,102,3
3,102,100,5,102,1
3,102,100,6,102,3
3,102,100,6,102,1
3,102,100,7,102,3
3,102,100,7,102,1
3,102,100,8,102,3
3,102,100,8,102,1
4,102,100,1,102,3
4,102,100,1,102,1
4,102,100,2,102,3
4,102,100,2,102,1
4,102,100,3,102,3
4,102,100,3,102,1
4,102,100,4,102,3
4,102,100,4,102,1
4,102,100,5,102,3
4,102,100,5,102,1
4,102,100,6,102,3
4,102,100,6,102,1
4,102,100,7,102,3
4,102,100,7,102,1
4,102,100,8,102,3
4,102,100,8,102,1
5,102,100,1,102,3
5,102,100,1,102,1
5,102,100,2,102,3
5,102,100,2,102,1
5,102,100,3,102,3
5,102,100,3,102,1
5,102,100,4,102,3
5,102,100,4,102,1
5,102,100,5,102,3
5,102,100,5,102,1
5,102,100,6,102,3
5,102,100,6,102,1
5,102,100,7,102,3
5,102,100,7,102,1
5,102,100,8,102,3
5,102,100,8,102,1
6,102,300,1,102,3
6,102,300,1,102,1
6,102,300,2,102,3
6,102,300,2,102,1
6,102,300,3,102,3
6,102,300,3,102,1
6,102,300,4,102,3
6,102,300,4,102,1
6,102,300,5,102,3
6,102,300,5,102,1
6,102,300,6,102,3
6,102,300,6,102,1
6,102,300,7,102,3
6,102,300,7,102,1
6,102,300,8,102,3
6,102,300,8,102,1
7,102,200,1,102,3
7,102,200,1,102,1
7,102,200,2,102,3
7,102,200,2,102,1
7,102,200,3,102,3
7,102,200,3,102,1
7,102,200,4,102,3
7,102,200,4,102,1
7,102,200,5,102,3
7,102,200,5,102,1
7,102,200,6,102,3
7,102,200,6,102,1
7,102,200,7,102,3
7,102,200,7,102,1
7,102,200,8,102,3
7,102,200,8,102,1
8,102,200,1,102,3
8,102,200,1,102,1
8,102,200,2,102,3
8,102,200,2,102,1
8,102,200,3,102,3
8,102,200,3,102,1
8,102,200,4,102,3
8,102,200,4,102,1
8,102,200,5,102,3
8,102,200,5,102,1
8,102,200,6,102,3
8,102,200,6,102,1
8,102,200,7,102,3
8,102,200,7,102,1
8,102,200,8,102,3
8,102,200,8,102,1
1,102,200,1,104,3
1,102,200,1,104,1
1,102,200,2,104,3
1,102,200,2,104,1
1,102,200,3,104,3
1,102,200,3,104,1
1,102,200,4,104,3
1,102,200,4,104,1
1,102,200,5,104,3
1,102,200,5,104,1
1,102,200,6,104,3
1,102,200,6,104,1
1,102,200,7,104,3
1,102,200,7,104,1
1,102,200,8,104,3
1,102,200,8,104,1
2,102,200,1,104,3
2,102,200,1,104,1
2,102,200,2,104,3
2,102,200,2,104,1
2,102,200,3,104,3
2,102,200,3,104,1
2,102,200,4,104,3
2,102,200,4,104,1
2,102,200,5,104,3
2,102,200,5,104,1
2,102,200,6,104,3
2,102,200,6,104,1
2,102,200,7,104,3
2,102,200,7,104,1
2,102,200,8,104,3
2,102,200,8,104,1
3,102,100,1,104,3
3,102,100,1,104,1
3,102,100,2,104,3
3,102,100,2,104,1
3,102,100,3,104,3
3,102,100,3,104,1
3,102,100,4,104,3
3,102,100,4,104,1
3,102,100,5,104,3
3,102,100,5,104,1
3,102,100,6,104,3
3,102,100,6,104,1
3,102,100,7,104,3
3,102,100,7,104,1
3,102,100,8,104,3
3,102,100,8,104,1
4,102,100,1,104,3
4,102,100,1,104,1
4,102,100,2,104,3
4,102,100,2,104,1
4,102,100,3,104,3
4,102,100,3,104,1
4,102,100,4,104,3
4,102,100,4,104,1
4,102,100,5,104,3
4,102,100,5,104,1
4,102,100,6,104,3
4,102,100,6,104,1
4,102,100,7,104,3
4,102,100,7,104,1
4,102,100,8,104,3
4,102,100,8,104,1
5,102,100,1,104,3
5,102,100,1,104,1
5,102,100,2,104,3
5,102,100,2,104,1
5,102,100,3,104,3
5,102,100,3,104,1
5,102,100,4,104,3
5,102,100,4,104,1
5,102,100,5,104,3
5,102,100,5,104,1
5,102,100,6,104,3
5,102,100,6,104,1
5,102,100,7,104,3
5,102,100,7,104,1
5,102,100,8,104,3
5,102,100,8,104,1
6,102,300,1,104,3
6,102,300,1,104,1
6,102,300,2,104,3
6,102,300,2,104,1
6,102,300,3,104,3
6,102,300,3,104,1
6,102,300,4,104,3
6,102,300,4,104,1
6,102,300,5,104,3
6,102,300,5,104,1
6,102,300,6,104,3
6,102,300,6,104,1
6,102,300,7,104,3
6,102,300,7,104,1
6,102,300,8,104,3
6,102,300,8,104,1
7,102,200,1,104,3
7,102,200,1,104,1
7,102,200,2,104,3
7,102,200,2,104,1
7,102,200,3,104,3
7,102,200,3,104,1
7,102,200,4,104,3
7,102,200,4,104,1
7,102,200,5,104,3
7,102,200,5,104,1
7,102,200,6,104,3
7,102,200,6,104,1
7,102,200,7,104,3
7,102,200,7,104,1
7,102,200,8,104,3
7,102,200,8,104,1
8,102,200,1,104,3
8,102,200,1,104,1
8,102,200,2,104,3
8,102,200,2,104,1
8,102,200,3,104,3
8,102,200,3,104,1
8,102,200,4,104,3
8,102,200,4,104,1
8,102,200,5,104,3
8,102,200,5,104,1
8,102,200,6,104,3
8,102,200,6,104,1
8,102,200,7,104,3
8,102,200,7,104,1
8,102,200,8,104,3
8,102,200,8,104,1
1,104,200,1,101,3
1,104,200,1,101,1
1,104,200,2,101,3
1,104,200,2,101,1
1,104,200,3,101,3
1,104,200,3,101,1
1,104,200,4,101,3
1,104,200,4,101,1
1,104,200,5,101,3
1,104,200,5,101,1
1,104,200,6,101,3
1,104,200,6,101,1
1,104,200,7,101,3
1,104,200,7,101,1
1,104,200,8,101,3
1,104,200,8,101,1
2,104,200,1,101,3
2,104,200,1,101,1
2,104,200,2,101,3
2,104,200,2,101,1
2,104,200,3,101,3
2,104,200,3,101,1
2,104,200,4,101,3
2,104,200,4,101,1
2,104,200,5,101,3
2,104,200,5,101,1
2,104,200,6,101,3
2,104,200,6,101,1
2,104,200,7,101,3
2,104,200,7,101,1
2,104,200,8,101,3
2,104,200,8,101,1
3,104,100,1,101,3
3,104,100,1,101,1
3,104,100,2,101,3
3,104,100,2,101,1
3,104,100,3,101,3
3,104,100,3,101,1
3,104,100,4,101,3
3,104,100,4,101,1
3,104,100,5,101,3
3,104,100,5,101,1
3,104,100,6,101,3
3,104,100,6,101,1
3,104,100,7,101,3
3,104,100,7,101,1
3,104,100,8,101,3
3,104,100,8,101,1
4,104,100,1,101,3
4,104,100,1,101,1
4,104,100,2,101,3
4,104,100,2,101,1
4,104,100,3,101,3
4,104,100,3,101,1
4,104,100,4,101,3
4,104,100,4,101,1
4,104,100,5,101,3
4,104,100,5,101,1
4,104,100,6,101,3
4,104,100,6,101,1
4,104,100,7,101,3
4,104,100,7,101,1
4,104,100,8,101,3
4,104,100,8,101,1
5,104,100,1,101,3
5,104,100,1,101,1
5,104,100,2,101,3
5,104,100,2,101,1
5,104,100,3,101,3
5,104,100,3,101,1
5,104,100,4,101,3
5,104,100,4,101,1
5,104,100,5,101,3
5,104,100,5,101,1
5,104,100,6,101,3
5,104,100,6,101,1
5,104,100,7,101,3
5,104,100,7,101,1
5,104,100,8,101,3
5,104,100,8,101,1
6,104,300,1,101,3
6,104,300,1,101,1
6,104,300,2,101,3
6,104,300,2,101,1
6,104,300,3,101,3
6,104,300,3,101,1
6,104,300,4,101,3
6,104,300,4,101,1
6,104,300,5,101,3
6,104,300,5,101,1
6,104,300,6,101,3
6,104,300,6,101,1
6,104,300,7,101,3
6,104,300,7,101,1
6,104,300,8,101,3
6,104,300,8,101,1
7,104,200,1,101,3
7,104,200,1,101,1
7,104,200,2,101,3
7,104,200,2,101,1
7,104,200,3,101,3
7,104,200,3,101,1
7,104,200,4,101,3
7,104,200,4,101,1
7,104,200,5,101,3
7,104,200,5,101,1
7,104,200,6,101,3
7,104,200,6,101,1
7,104,200,7,101,3
7,104,200,7,101,1
7,104,200,8,101,3
7,104,200,8,101,1
8,104,200,1,101,3
8,104,200,1,101,1
8,104,200,2,101,3
8,104,200,2,101,1
8,104,200,3,101,3
8,104,200,3,101,1
8,104,200,4,101,3
8,104,200,4,101,1
8,104,200,5,101,3
8,104,200,5,101,1
8,104,200,6,101,3
8,104,200,6,101,1
8,104,200,7,101,3
8,104,200,7,101,1
8,104,200,8,101,3
8,104,200,8,101,1
1,104,200,1,102,3
1,104,200,1,102,1
1,104,200,2,102,3
1,104,200,2,102,1
1,104,200,3,102,3
1,104,200,3,102,1
1,104,200,4,102,3
1,104,200,4,102,1
1,104,200,5,102,3
1,104,200,5,102,1
1,104,200,6,102,3
1,104,200,6,102,1
1,104,200,7,102,3
1,104,200,7,102,1
1,104,200,8,102,3
1,104,200,8,102,1
2,104,200,1,102,3
2,104,200,1,102,1
2,104,200,2,102,3
2,104,200,2,102,1
2,104,200,3,102,3
2,104,200,3,102,1
2,104,200,4,102,3
2,104,200,4,102,1
2,104,200,5,102,3
2,104,200,5,102,1
2,104,200,6,102,3
2,104,200,6,102,1
2,104,200,7,102,3
2,104,200,7,102,1
2,104,200,8,102,3
2,104,200,8,102,1
3,104,100,1,102,3
3,104,100,1,102,1
3,104,100,2,102,3
3,104,100,2,102,1
3,104,100,3,102,3
3,104,100,3,102,1
3,104,100,4,102,3
3,104,100,4,102,1
3,104,100,5,102,3
3,104,100,5,102,1
3,104,100,6,102,3
3,104,100,6,102,1
3,104,100,7,102,3
3,104,100,7,102,1
3,104,100,8,102,3
3,104,100,8,102,1
4,104,100,1,102,3
4,104,100,1,102,1
4,104,100,2,102,3
4,104,100,2,102,1
4,104,100,3,102,3
4,104,100,3,102,1
4,104,100,4,102,3
4,104,100,4,102,1
4,104,100,5,102,3
4,104,100,5,102,1
4,104,100,6,102,3
4,104,100,6,102,1
4,104,100,7,102,3
4,104,100,7,102,1
4,104,100,8,102,3
4,104,100,8,102,1
5,104,100,1,102,3
5,104,100,1,102,1
5,104,100,2,102,3
5,104,100,2,102,1
5,104,100,3,102,3
5,104,100,3,102,1
5,104,100,4,102,3
5,104,100,4,102,1
5,104,100,5,102,3
5,104,100,5,102,1
5,104,100,6,102,3
5,104,100,6,102,1
5,104,100,7,102,3
5,104,100,7,102,1
5,104,100,8,102,3
5,104,100,8,102,1
6,104,300,1,102,3
6,104,300,1,102,1
6,104,300,2,102,3
6,104,300,2,102,1
6,104,300,3,102,3
6,104,300,3,102,1
6,104,300,4,102,3
6,104,300,4,102,1
6,104,300,5,102,3
6,104,300,5,102,1
6,104,300,6,102,3
6,104,300,6,102,1
6,104,300,7,102,3
6,104,300,7,102,1
6,104,300,8,102,3
6,104,300,8,102,1
7,104,200,1,102,3
7,104,200,1,102,1
7,104,200,2,102,3
7,104,200,2,102,1
7,104,200,3,102,3
7,104,200,3,102,1
7,104,200,4,102,3
7,104,200,4,102,1
7,104,200,5,102,3
7,104,200,5,102,1
7,104,200,6,102,3
7,104,200,6,102,1
7,104,200,7,102,3
7,104,200,7,102,1
7,104,200,8,102,3
7,104,200,8,102,1
8,104,200,1,102,3
8,104,200,1,102,1
8,104,200,2,102,3
8,104,200,2,102,1
8,104,200,3,102,3
8,104,200,3,102,1
8,104,200,4,102,3
8,104,200,4,102,1
8,104,200,5,102,3
8,104,200,5,102,1
8,104,200,6,102,3
8,104,200,6,102,1
8,104,200,7,102,3
8,104,200,7,102,1
8,104,200,8,102,3
8,104,200,8,102,1
1,104,200,1,103,3
1,104,200,1,103,1
1,104,200,2,103,3
1,104,200,2,103,1
1,104,200,3,103,3
1,104,200,3,103,1
1,104,200,4,103,3
1,104,200,4,103,1
1,104,200,5,103,3
1,104,200,5,103,1
1,104,200,6,103,3
1,104,200,6,103,1
1,104,200,7,103,3
1,104,200,7,103,1
1,104,200,8,103,3
1,104,200,8,103,1
2,104,200,1,103,3
2,104,200,1,103,1
2,104,200,2,103,3
2,104,200,2,103,1
2,104,200,3,103,3
2,104,200,3,103,1
2,104,200,4,103,3
2,104,200,4,103,1
2,104,200,5,103,3
2,104,200,5,103,1
2,104,200,6,103,3
2,104,200,6,103,1
2,104,200,7,103,3
2,104,200,7,103,1
2,104,200,8,103,3
2,104,200,8,103,1
3,104,100,1,103,3
3,104,100,1,103,1
3,104,100,2,103,3
3,104,100,2,103,1
3,104,100,3,103,3
3,104,100,3,103,1
3,104,100,4,103,3
3,104,100,4,103,1
3,104,100,5,103,3
3,104,100,5,103,1
3,104,100,6,103,3
3,104,100,6,103,1
3,104,100,7,103,3
3,104,100,7,103,1
3,104,100,8,103,3
3,104,100,8,103,1
4,104,100,1,103,3
4,104,100,1,103,1
4,104,100,2,103,3
4,104,100,2,103,1
4,104,100,3,103,3
4,104,100,3,103,1
4,104,100,4,103,3
4,104,100,4,103,1
4,104,100,5,103,3
4,104,100,5,103,1
4,104,100,6,103,3
4,104,100,6,103,1
4,104,100,7,103,3
4,104,100,7,103,1
4,104,100,8,103,3
4,104,100,8,103,1
5,104,100,1,103,3
5,104,100,1,103,1
5,104,100,2,103,3
5,104,100,2,103,1
5,104,100,3,103,3
5,104,100,3,103,1
5,104,100,4,103,3
5,104,100,4,103,1
5,104,100,5,103,3
5,104,100,5,103,1
5,104,100,6,103,3
5,104,100,6,103,1
5,104,100,7,103,3
5,104,100,7,103,1
5,104,100,8,103,3
5,104,100,8,103,1
6,104,300,1,103,3
6,104,300,1,103,1
6,104,300,2,103,3
6,104,300,2,103,1
6,104,300,3,103,3
6,104,300,3,103,1
6,104,300,4,103,3
6,104,300,4,103,1
6,104,300,5,103,3
6,104,300,5,103,1
6,104,300,6,103,3
6,104,300,6,103,1
6,104,300,7,103,3
6,104,300,7,103,1
6,104,300,8,103,3
6,104,300,8,103,1
7,104,200,1,103,3
7,104,200,1,103,1
7,104,200,2,103,3
7,104,200,2,103,1
7,104,200,3,103,3
7,104,200,3,103,1
7,104,200,4,103,3
7,104,200,4,103,1
7,104,200,5,103,3
7,104,200,5,103,1
7,104,200,6,103,3
7,104,200,6,103,1
7,104,200,7,103,3
7,104,200,7,103,1
7,104,200,8,103,3
7,104,200,8,103,1
8,104,200,1,103,3
8,104,200,1,103,1
8,104,200,2,103,3
8,104,200,2,103,1
8,104,200,3,103,3
8,104,200,3,103,1
8,104,200,4,103,3
8,104,200,4,103,1
8,104,200,5,103,3
8,104,200,5,103,1
8,104,200,6,103,3
8,104,200,6,103,1
8,104,200,7,103,3
8,104,200,7,103,1
8,104,200,8,103,3
8,104,200,8,103,1
1,104,200,1,101,3
1,104,200,1,101,1
1,104,200,2,101,3
1,104,200,2,101,1
1,104,200,3,101,3
1,104,200,3,101,1
1,104,200,4,101,3
1,104,200,4,101,1
1,104,200,5,101,3
1,104,200,5,101,1
1,104,200,6,101,3
1,104,200,6,101,1
1,104,200,7,101,3
1,104,200,7,101,1
1,104,200,8,101,3
1,104,200,8,101,1
2,104,200,1,101,3
2,104,200,1,101,1
2,104,200,2,101,3
2,104,200,2,101,1
2,104,200,3,101,3
2,104,200,3,101,1
2,104,200,4,101,3
2,104,200,4,101,1
2,104,200,5,101,3
2,104,200,5,101,1
2,104,200,6,101,3
2,104,200,6,101,1
2,104,200,7,101,3
2,104,200,7,101,1
2,104,200,8,101,3
2,104,200,8,101,1
3,104,100,1,101,3
3,104,100,1,101,1
3,104,100,2,101,3
3,104,100,2,101,1
3,104,100,3,101,3
3,104,100,3,101,1
3,104,100,4,101,3
3,104,100,4,101,1
3,104,100,5,101,3
3,104,100,5,101,1
3,104,100,6,101,3
3,104,100,6,101,1
3,104,100,7,101,3
3,104,100,7,101,1
3,104,100,8,101,3
3,104,100,8,101,1
4,104,100,1,101,3
4,104,100,1,101,1
4,104,100,2,101,3
4,104,100,2,101,1
4,104,100,3,101,3
4,104,100,3,101,1
4,104,100,4,101,3
4,104,100,4,101,1
4,104,100,5,101,3
4,104,100,5,101,1
4,104,100,6,101,3
4,104,100,6,101,1
4,104,100,7,101,3
4,104,100,7,101,1
4,104,100,8,101,3
4,104,100,8,101,1
5,104,100,1,101,3
5,104,100,1,101,1
5,104,100,2,101,3
5,104,100,2,101,1
5,104,100,3,101,3
5,104,100,3,101,1
5,104,100,4,101,3
5,104,100,4,101,1
5,104,100,5,101,3
5,104,100,5,101,1
5,104,100,6,101,3
5,104,100,6,101,1
5,104,100,7,101,3
5,104,100,7,101,1
5,104,100,8,101,3
5,104,100,8,101,1
6,104,300,1,101,3
6,104,300,1,101,1
6,104,300,2,101,3
6,104,300,2,101,1
6,104,300,3,101,3
6,104,300,3,101,1
6,104,300,4,101,3
6,104,300,4,101,1
6,104,300,5,101,3
6,104,300,5,101,1
6,104,300,6,101,3
6,104,300,6,101,1
6,104,300,7,101,3
6,104,300,7,101,1
6,104,300,8,101,3
6,104,300,8,101,1
7,104,200,1,101,3
7,104,200,1,101,1
7,104,200,2,101,3
7,104,200,2,101,1
7,104,200,3,101,3
7,104,200,3,101,1
7,104,200,4,101,3
7,104,200,4,101,1
7,104,200,5,101,3
7,104,200,5,101,1
7,104,200,6,101,3
7,104,200,6,101,1
7,104,200,7,101,3
7,104,200,7,101,1
7,104,200,8,101,3
7,104,200,8,101,1
8,104,200,1,101,3
8,104,200,1,101,1
8,104,200,2,101,3
8,104,200,2,101,1
8,104,200,3,101,3
8,104,200,3,101,1
8,104,200,4,101,3
8,104,200,4,101,1
8,104,200,5,101,3
8,104,200,5,101,1
8,104,200,6,101,3
8,104,200,6,101,1
8,104,200,7,101,3
8,104,200,7,101,1
8,104,200,8,101,3
8,104,200,8,101,1
1,104,200,1,102,3
1,104,200,1,102,1
1,104,200,2,102,3
1,104,200,2,102,1
1,104,200,3,102,3
1,104,200,3,102,1
1,104,200,4,102,3
1,104,200,4,102,1
1,104,200,5,102,3
1,104,200,5,102,1
1,104,200,6,102,3
1,104,200,6,102,1
1,104,200,7,102,3
1,104,200,7,102,1
1,104,200,8,102,3
1,104,200,8,102,1
2,104,200,1,102,3
2,104,200,1,102,1
2,104,200,2,102,3
2,104,200,2,102,1
2,104,200,3,102,3
2,104,200,3,102,1
2,104,200,4,102,3
2,104,200,4,102,1
2,104,200,5,102,3
2,104,200,5,102,1
2,104,200,6,102,3
2,104,200,6,102,1
2,104,200,7,102,3
2,104,200,7,102,1
2,104,200,8,102,3
2,104,200,8,102,1
3,104,100,1,102,3
3,104,100,1,102,1
3,104,100,2,102,3
3,104,100,2,102,1
3,104,100,3,102,3
3,104,100,3,102,1
3,104,100,4,102,3
3,104,100,4,102,1
3,104,100,5,102,3
3,104,100,5,102,1
3,104,100,6,102,3
3,104,100,6,102,1
3,104,100,7,102,3
3,104,100,7,102,1
3,104,100,8,102,3
3,104,100,8,102,1
4,104,100,1,102,3
4,104,100,1,102,1
4,104,100,2,102,3
4,104,100,2,102,1
4,104,100,3,102,3
4,104,100,3,102,1
4,104,100,4,102,3
4,104,100,4,102,1
4,104,100,5,102,3
4,104,100,5,102,1
4,104,100,6,102,3
4,104,100,6,102,1
4,104,100,7,102,3
4,104,100,7,102,1
4,104,100,8,102,3
4,104,100,8,102,1
5,104,100,1,102,3
5,104,100,1,102,1
5,104,100,2,102,3
5,104,100,2,102,1
5,104,100,3,102,3
5,104,100,3,102,1
5,104,100,4,102,3
5,104,100,4,102,1
5,104,100,5,102,3
5,104,100,5,102,1
5,104,100,6,102,3
5,104,100,6,102,1
5,104,100,7,102,3
5,104,100,7,102,1
5,104,100,8,102,3
5,104,100,8,102,1
6,104,300,1,102,3
6,104,300,1,102,1
6,104,300,2,102,3
6,104,300,2,102,1
6,104,300,3,102,3
6,104,300,3,102,1
6,104,300,4,102,3
6,104,300,4,102,1
6,104,300,5,102,3
6,104,300,5,102,1
6,104,300,6,102,3
6,104,300,6,102,1
6,104,300,7,102,3
6,104,300,7,102,1
6,104,300,8,102,3
6,104,300,8,102,1
7,104,200,1,102,3
7,104,200,1,102,1
7,104,200,2,102,3
7,104,200,2,102,1
7,104,200,3,102,3
7,104,200,3,102,1
7,104,200,4,102,3
7,104,200,4,102,1
7,104,200,5,102,3
7,104,200,5,102,1
7,104,200,6,102,3
7,104,200,6,102,1
7,104,200,7,102,3
7,104,200,7,102,1
7,104,200,8,102,3
7,104,200,8,102,1
8,104,200,1,102,3
8,104,200,1,102,1
8,104,200,2,102,3
8,104,200,2,102,1
8,104,200,3,102,3
8,104,200,3,102,1
8,104,200,4,102,3
8,104,200,4,102,1
8,104,200,5,102,3
8,104,200,5,102,1
8,104,200,6,102,3
8,104,200,6,102,1
8,104,200,7,102,3
8,104,200,7,102,1
8,104,200,8,102,3
8,104,200,8,102,1
1,104,200,1,104,3
1,104,200,1,104,1
1,104,200,2,104,3
1,104,200,2,104,1
1,104,200,3,104,3
1,104,200,3,104,1
1,104,200,4,104,3
1,104,200,4,104,1
1,104,200,5,104,3
1,104,200,5,104,1
1,104,200,6,104,3
1,104,200,6,104,1
1,104,200,7,104,3
1,104,200,7,104,1
1,104,200,8,104,3
1,104,200,8,104,1
2,104,200,1,104,3
2,104,200,1,104,1
2,104,200,2,104,3
2,104,200,2,104,1
2,104,200,3,104,3
2,104,200,3,104,1
2,104,200,4,104,3
2,104,200,4,104,1
2,104,200,5,104,3
2,104,200,5,104,1
2,104,200,6,104,3
2,104,200,6,104,1
2,104,200,7,104,3
2,104,200,7,104,1
2,104,200,8,104,3
2,104,200,8,104,1
3,104,100,1,104,3
3,104,100,1,104,1
3,104,100,2,104,3
3,104,100,2,104,1
3,104,100,3,104,3
3,104,100,3,104,1
3,104,100,4,104,3
3,104,100,4,104,1
3,104,100,5,104,3
3,104,100,5,104,1
3,104,100,6,104,3
3,104,100,6,104,1
3,104,100,7,104,3
3,104,100,7,104,1
3,104,100,8,104,3
3,104,100,8,104,1
4,104,100,1,104,3
4,104,100,1,104,1
4,104,100,2,104,3
4,104,100,2,104,1
4,104,100,3,104,3
4,104,100,3,104,1
4,104,100,4,104,3
4,104,100,4,104,1
4,104,100,5,104,3
4,104,100,5,104,1
4,104,100,6,104,3
4,104,100,6,104,1
4,104,100,7,104,3
4,104,100,7,104,1
4,104,100,8,104,3
4,104,100,8,104,1
5,104,100,1,104,3
5,104,100,1,104,1
5,104,100,2,104,3
5,104,100,2,104,1
5,104,100,3,104,3
5,104,100,3,104,1
5,104,100,4,104,3
5,104,100,4,104,1
5,104,100,5,104,3
5,104,100,5,104,1
5,104,100,6,104,3
5,104,100,6,104,1
5,104,100,7,104,3
5,104,100,7,104,1
5,104,100,8,104,3
5,104,100,8,104,1
6,104,300,1,104,3
6,104,300,1,104,1
6,104,300,2,104,3
6,104,300,2,104,1
6,104,300,3,104,3
6,104,300,3,104,1
6,104,300,4,104,3
6,104,300,4,104,1
6,104,300,5,104,3
6,104,300,5,104,1
6,104,300,6,104,3
6,104,300,6,104,1
6,104,300,7,104,3
6,104,300,7,104,1
6,104,300,8,104,3
6,104,300,8,104,1
7,104,200,1,104,3
7,104,200,1,104,1
7,104,200,2,104,3
7,104,200,2,104,1
7,104,200,3,104,3
7,104,200,3,104,1
7,104,200,4,104,3
7,104,200,4,104,1
7,104,200,5,104,3
7,104,200,5,104,1
7,104,200,6,104,3
7,104,200,6,104,1
7,104,200,7,104,3
7,104,200,7,104,1
7,104,200,8,104,3
7,104,200,8,104,1
8,104,200,1,104,3
8,104,200,1,104,1
8,104,200,2,104,3
8,104,200,2,104,1
8,104,200,3,104,3
8,104,200,3,104,1
8,104,200,4,104,3
8,104,200,4,104,1
8,104,200,5,104,3
8,104,200,5,104,1
8,104,200,6,104,3
8,104,200,6,104,1
8,104,200,7,104,3
8,104,200,7,104,1
8,104,200,8,104,3
8,104,200,8,104,1
